-3.01069 2578 50.774 3019 54.9454
-2.74889 926 30.4302 1274 35.6931
-2.48709 826 28.7402 1057 32.5115
-2.22529 955 30.9031 1220 34.9285
-1.96349 712 26.6833 879 29.6479
-1.70169 820 28.6356 1126 33.5559
-1.4399 826 28.7402 1093 33.0606
-1.17809 1068 32.6803 1384 37.2022
-0.916292 916 30.2655 1227 35.0286
-0.654503 823 28.688 1078 32.8329
-0.392699 200 14.1421 236 15.3623
-0.130894 703 26.5141 842 29.0172
0.130894 161 12.6886 258 16.0624
0.392699 779 27.9106 1104 33.2265
0.654503 677 26.0192 901 30.0167
0.916292 870 29.4958 1236 35.1568
1.17809 909 30.1496 1219 34.9142
1.4399 398 19.9499 616 24.8193
1.70169 703 26.5141 1040 32.249
1.9635 1108 33.2866 1496 38.6782
2.2253 1138 33.7343 1513 38.8973
2.48709 654 25.5734 1110 33.3167
2.74889 1340 36.606 1918 43.795
3.01069 2658 51.5558 3321 57.6281
