-3.01069 2595 50.9411 3055 55.2721
-2.74889 942 30.692 1340 36.606
-2.48709 857 29.2746 1077 32.8177
-2.22529 930 30.4959 1259 35.4824
-1.96349 713 26.7021 954 30.8869
-1.70169 786 28.0357 1130 33.6155
-1.4399 792 28.1425 1099 33.1512
-1.17809 1093 33.0606 1407 37.51
-0.916292 1027 32.0468 1241 35.2278
-0.654503 892 29.8664 1099 33.1512
-0.392699 223 14.9332 226 15.0333
-0.130894 828 28.775 882 29.6985
0.130894 170 13.0384 282 16.7929
0.392699 822 28.6705 1178 34.322
0.654503 709 26.6271 968 31.1127
0.916292 895 29.9166 1213 34.8281
1.17809 995 31.5436 1295 35.9861
1.4399 429 20.7123 637 25.2389
1.70169 729 27 1032 32.1248
1.9635 1115 33.3916 1589 39.8623
2.2253 1156 34 1616 40.1995
2.48709 697 26.4008 1152 33.9411
2.74889 1478 38.4448 2154 46.4112
3.01069 2655 51.5267 3303 57.4717
