-3.01069 23731 154.049 13607 116.649
-2.74889 19280 138.852 10981 104.79
-2.48709 16766 129.484 9240 96.1249
-2.22529 18736 136.88 11287 106.24
-1.96349 14850 121.861 8448 91.913
-1.70169 18667 136.627 10853 104.178
-1.4399 16567 128.713 9278 96.3224
-1.17809 18853 137.306 10592 102.917
-0.916292 19437 139.417 11142 105.556
-0.654503 17540 132.439 9868 99.3378
-0.392699 6553 80.9506 3144 56.0714
-0.130894 4896 69.9714 2369 48.6724
0.130894 2722 52.1728 1930 43.9318
0.392699 17272 131.423 10284 101.41
0.654503 15745 125.479 9413 97.0206
0.916292 17854 133.619 10378 101.872
1.17809 16999 130.38 9771 98.8484
1.4399 12457 111.611 7350 85.7321
1.70169 15002 122.483 8494 92.1629
1.9635 18716 136.806 11055 105.143
2.2253 15047 122.666 9080 95.289
2.48709 9928 99.6393 8137 90.2053
2.74889 14996 122.458 9634 98.1529
3.01069 26813 163.747 16382 127.992
