-3.01069 25316 159.11 13816 117.541
-2.74889 21829 147.746 10611 103.01
-2.48709 17224 131.24 8808 93.8509
-2.22529 20458 143.031 10819 104.014
-1.96349 16731 129.348 8179 90.4378
-1.70169 22582 150.273 10998 104.871
-1.4399 18573 136.283 9156 95.687
-1.17809 21058 145.114 10195 100.97
-0.916292 20252 142.31 9930 99.6494
-0.654503 20259 142.334 9982 99.91
-0.392699 9411 97.0103 4031 63.4902
-0.130894 3330 57.7062 2029 45.0444
0.130894 1834 42.8252 1285 35.8469
0.392699 23307 152.666 11946 109.298
0.654503 19675 140.268 10096 100.479
0.916292 18992 137.811 9820 99.0959
1.17809 19713 140.403 9522 97.5807
1.4399 18281 135.207 9400 96.9536
1.70169 17859 133.638 8975 94.7365
1.9635 21156 145.451 10297 101.474
2.2253 15847 125.885 8569 92.5689
2.48709 8093 89.9611 4466 66.8281
2.74889 14596 120.814 8382 91.5533
3.01069 26706 163.42 14689 121.198
