-3.01069 24190 155.531 14048 118.524
-2.74889 19475 139.553 11387 106.71
-2.48709 16658 129.066 9542 97.6832
-2.22529 18436 135.779 11364 106.602
-1.96349 15029 122.593 8529 92.3526
-1.70169 18881 137.408 11031 105.029
-1.4399 16422 128.148 9401 96.9588
-1.17809 19281 138.856 10780 103.827
-0.916292 19613 140.046 11434 106.93
-0.654503 18011 134.205 10114 100.568
-0.392699 6560 80.9938 3213 56.6833
-0.130894 5162 71.8471 2495 49.95
0.130894 2808 52.9906 1968 44.3621
0.392699 17840 133.566 10887 104.341
0.654503 16330 127.789 9644 98.2039
0.916292 18180 134.833 10624 103.073
1.17809 17519 132.359 10029 100.145
1.4399 12951 113.802 7718 87.8521
1.70169 15005 122.495 8568 92.5635
1.9635 19347 139.093 11338 106.48
2.2253 15213 123.341 9245 96.1509
2.48709 9973 99.8649 8240 90.7744
2.74889 15697 125.288 10055 100.275
3.01069 28123 167.699 17192 131.118
