-3.01069 25046 158.259 13695 117.026
-2.74889 21598 146.963 10455 102.25
-2.48709 17063 130.625 8694 93.2416
-2.22529 20222 142.204 10889 104.35
-1.96349 16633 128.969 8139 90.2164
-1.70169 22089 148.624 10729 103.581
-1.4399 18255 135.111 9114 95.4673
-1.17809 20879 144.496 9939 99.6945
-0.916292 19656 140.2 9650 98.2344
-0.654503 20085 141.722 9809 99.0404
-0.392699 9218 96.0104 4014 63.3561
-0.130894 3175 56.3471 2036 45.1221
0.130894 1749 41.821 1259 35.4824
0.392699 22909 151.357 11358 106.574
0.654503 19208 138.593 9822 99.106
0.916292 18237 135.044 9448 97.2008
1.17809 19005 137.859 9177 95.7967
1.4399 18348 135.455 9118 95.4882
1.70169 17510 132.325 8958 94.6467
1.9635 20698 143.868 10092 100.459
2.2253 15679 125.216 8312 91.1702
2.48709 7987 89.37 4358 66.0151
2.74889 14367 119.862 7811 88.3799
3.01069 26093 161.533 14008 118.355
