3.01069 0.00913975 0.0123794 0 0.0123794
2.74889 0.0227347 0.0162541 0 0.0162541
2.48709 -0.00804159 0.0186241 0 0.0186241
2.2253 -0.000312376 0.0127915 0 0.0127915
1.9635 0.0285682 0.0114129 0 0.0114129
1.70169 0.0155616 0.0123059 0 0.0123059
1.4399 0.00335819 0.0116463 0 0.0116463
1.17809 -0.00135794 0.0115799 0 0.0115799
0.916292 0.00473282 0.0119185 0 0.0119185
0.654503 -0.00519488 0.0109874 0 0.0109874
0.392699 -0.00482317 0.010385 0 0.010385
-0.392699 0.0295912 0.0171521 0 0.0171521
-0.654503 0.0125975 0.0118704 0 0.0118704
-0.916292 -0.0115725 0.0126176 0 0.0126176
-1.17809 0.0135171 0.0112111 0 0.0112111
-1.4399 0.0064792 0.012896 0 0.012896
-1.70169 -0.00593953 0.0120528 0 0.0120528
-1.96349 -0.0144624 0.0130983 0 0.0130983
-2.22529 -0.00557465 0.011409 0 0.011409
-2.48709 0.00651638 0.0116898 0 0.0116898
-2.74889 -0.0161496 0.0109017 0 0.0109017
-3.01069 0.00412411 0.011548 0 0.011548
