3.01069 23756 154.13 17118 130.836
2.74889 12738 112.863 9436 97.1391
2.48709 7332 85.6271 5719 75.6241
2.2253 11746 108.379 9007 94.9052
1.9635 16699 129.225 11467 107.084
1.70169 14000 118.322 9260 96.2289
1.4399 15116 122.947 10296 101.469
1.17809 15379 124.012 10379 101.877
0.916292 15435 124.238 10870 104.259
0.654503 14581 120.752 10138 100.688
0.392699 16646 129.019 11935 109.247
0.130894 2038 45.1442 1643 40.5339
-0.130894 2838 53.2729 2014 44.8776
-0.392699 7407 86.0639 4334 65.8331
-0.654503 16182 127.208 10929 104.542
-0.916292 16600 128.841 11475 107.121
-1.17809 16357 127.894 10929 104.542
-1.4399 15007 122.503 10365 101.809
-1.70169 18857 137.321 13241 115.07
-1.96349 12949 113.794 8552 92.477
-2.22529 15718 125.371 11632 107.852
-2.48709 13939 118.064 9432 97.1185
-2.74889 16997 130.373 11498 107.229
-3.01069 20031 141.531 14851 121.865
