3.01069 4447 66.6858 6696 81.8291
2.74889 2463 49.6286 4027 63.4586
2.48709 1245 35.2846 2510 50.0999
2.2253 2191 46.8081 3361 57.9741
1.9635 2309 48.0521 3483 59.0169
1.70169 1571 39.6358 2361 48.5901
1.4399 905 30.0832 1531 39.128
1.17809 2010 44.833 2880 53.6656
0.916292 1918 43.795 2874 53.6097
0.654503 1563 39.5348 2348 48.4562
0.392699 1801 42.4382 2711 52.0673
0.130894 335 18.303 576 24
-0.130894 1310 36.1939 1678 40.9634
-0.392699 485 22.0227 606 24.6171
-0.654503 1870 43.2435 2598 50.9706
-0.916292 2135 46.2061 3054 55.263
-1.17809 2364 48.621 3240 56.921
-1.4399 1758 41.9285 2548 50.4777
-1.70169 1837 42.8602 2648 51.4587
-1.96349 1650 40.6202 2206 46.9681
-2.22529 2134 46.1952 3022 54.9727
-2.48709 1826 42.7317 2540 50.3984
-2.74889 2148 46.3465 3121 55.8659
-3.01069 4438 66.6183 6474 80.4612
