3.01069 0.0429702 0.00845165 0 0.00845165
2.74889 0.050435 0.0108516 0 0.0108516
2.48709 0.0156569 0.0140107 0 0.0140107
2.2253 0.0181436 0.012092 0 0.012092
1.9635 0.00887459 0.0119359 0 0.0119359
1.70169 0.0202304 0.0144112 0 0.0144112
1.4399 -0.013592 0.0182048 0 0.0182048
1.17809 0.0136692 0.0130935 0 0.0130935
0.916292 0.00375345 0.0131741 0 0.0131741
0.654503 -0.00575329 0.0146444 0 0.0146444
0.392699 0.020853 0.0134444 0 0.0134444
-0.392699 -0.00281877 0.0287839 0 0.0287839
-0.654503 0.0229763 0.0137181 0 0.0137181
-0.916292 -0.00776275 0.0128534 0 0.0128534
-1.17809 0.020842 0.0122981 0 0.0122981
-1.4399 0.0108474 0.0139407 0 0.0139407
-1.70169 0.0156544 0.0136408 0 0.0136408
-1.96349 0.0100857 0.0149883 0 0.0149883
-2.22529 0.0247516 0.0127073 0 0.0127073
-2.48709 0.00738904 0.0139875 0 0.0139875
-2.74889 -0.00870873 0.0127206 0 0.0127206
-3.01069 0.00631871 0.00876648 0 0.00876648
