3.01069 4752 68.9348 7278 85.3112
2.74889 2547 50.4678 4443 66.6558
2.48709 1344 36.6606 2583 50.8232
2.2253 2257 47.5079 3476 58.9576
1.9635 2267 47.613 3536 59.4643
1.70169 1517 38.9487 2452 49.5177
1.4399 926 30.4302 1486 38.5487
1.17809 1994 44.6542 2952 54.3323
0.916292 2090 45.7165 2888 53.7401
0.654503 1598 39.975 2315 48.1144
0.392699 1858 43.1045 2819 53.0943
0.130894 339 18.412 615 24.7992
-0.130894 1392 37.3095 1789 42.2966
-0.392699 507 22.5167 601 24.5153
-0.654503 1964 44.317 2713 52.0865
-0.916292 2154 46.4112 2999 54.7631
-1.17809 2370 48.6826 3369 58.0431
-1.4399 1808 42.5206 2597 50.9608
-1.70169 1884 43.4051 2725 52.2015
-1.96349 1596 39.95 2245 47.3814
-2.22529 2091 45.7275 3167 56.2761
-2.48709 1911 43.715 2571 50.705
-2.74889 2059 45.3762 3059 55.3082
-3.01069 4623 67.9926 6539 80.8641
