3.01069 10789 103.87 7641 87.4128
2.74889 6096 78.0769 4306 65.6201
2.48709 3427 58.5406 2362 48.6004
2.2253 7581 87.0689 5141 71.7008
1.9635 9668 98.326 5935 77.039
1.70169 8573 92.5905 5488 74.081
1.4399 7870 88.713 5269 72.5879
1.17809 9076 95.268 5627 75.0133
0.916292 8540 92.4121 5536 74.4043
0.654503 9709 98.5343 6238 78.981
0.392699 10991 104.838 6962 83.4386
0.130894 638 25.2587 591 24.3105
-0.130894 1379 37.1349 1192 34.5254
-0.392699 4322 65.7419 2183 46.7226
-0.654503 9302 96.4469 6034 77.6788
-0.916292 8973 94.7259 5676 75.3392
-1.17809 9952 99.7597 6073 77.9295
-1.4399 8371 91.4932 5448 73.8106
-1.70169 9467 97.2985 5731 75.7034
-1.96349 7912 88.9494 4879 69.8498
-2.22529 9560 97.7753 6413 80.0812
-2.48709 8371 91.4932 5254 72.4845
-2.74889 10520 102.567 6575 81.0864
-3.01069 10905 104.427 8177 90.4268
