3.01069 0.0128563 0.00663461 0 0.00663461
2.74889 0.0411074 0.00861635 0 0.00861635
2.48709 0.0106229 0.0103983 0 0.0103983
2.2253 0.00125277 0.00842533 0 0.00842533
1.9635 0.00434131 0.00769256 0 0.00769256
1.70169 0.00218171 0.00883206 0 0.00883206
1.4399 -0.00104541 0.0103778 0 0.0103778
1.17809 0.00288275 0.00823353 0 0.00823353
0.916292 0.011 0.0080051 0 0.0080051
0.654503 0.016818 0.00837243 0 0.00837243
0.392699 0.00235322 0.00802186 0 0.00802186
-0.392699 0.0155793 0.0137853 0 0.0137853
-0.654503 0.0154622 0.00814675 0 0.00814675
-0.916292 0.00869753 0.00762006 0 0.00762006
-1.17809 0.0124373 0.00772977 0 0.00772977
-1.4399 -0.00182631 0.00846177 0 0.00846177
-1.70169 0.0142267 0.0080318 0 0.0080318
-1.96349 0.0084618 0.00857853 0 0.00857853
-2.22529 0.010943 0.00768211 0 0.00768211
-2.48709 0.0114314 0.00820876 0 0.00820876
-2.74889 0.00374934 0.00769213 0 0.00769213
-3.01069 0.0149203 0.00699326 0 0.00699326
