3.01069 11145 105.57 8098 89.9889
2.74889 6439 80.2434 4596 67.7938
2.48709 3499 59.1523 2317 48.1352
2.2253 7636 87.3842 5216 72.2219
1.9635 9772 98.8534 6047 77.7625
1.70169 8457 91.9619 5518 74.2832
1.4399 7896 88.8594 5073 71.225
1.17809 9103 95.4096 5693 75.452
0.916292 8495 92.1683 5705 75.5315
0.654503 9563 97.7906 6215 78.8353
0.392699 11251 106.071 7061 84.0298
0.130894 635 25.1992 553 23.516
-0.130894 1451 38.092 1169 34.1906
-0.392699 4375 66.1438 2253 47.4658
-0.654503 9405 96.9794 6126 78.2688
-0.916292 9031 95.0316 5788 76.0789
-1.17809 9888 99.4384 6065 77.8781
-1.4399 8457 91.9619 5415 73.5867
-1.70169 9362 96.7574 5780 76.0263
-1.96349 8018 89.5433 4969 70.4911
-2.22529 9466 97.2934 6373 79.8311
-2.48709 8347 91.3619 5413 73.5731
-2.74889 10482 102.382 6391 79.9437
-3.01069 11139 105.541 8229 90.7138
