3.01069 0.0175539 0.00675161 0 0.00675161
2.74889 0.0286861 0.00892828 0 0.00892828
2.48709 0.0117192 0.0120153 0 0.0120153
2.2253 0.00493811 0.00810695 0 0.00810695
1.9635 0.0066735 0.00717261 0 0.00717261
1.70169 -0.00548781 0.00766343 0 0.00766343
1.4399 0.00297286 0.00796465 0 0.00796465
1.17809 0.00280897 0.00741733 0 0.00741733
0.916292 -0.00131787 0.00766237 0 0.00766237
0.654503 -0.00625207 0.00720394 0 0.00720394
0.392699 0.0130131 0.00670523 0 0.00670523
-0.392699 0.00741775 0.010723 0 0.010723
-0.654503 0.00682966 0.00731175 0 0.00731175
-0.916292 0.00454524 0.00745322 0 0.00745322
-1.17809 -0.00190206 0.00710017 0 0.00710017
-1.4399 0.00643424 0.00770911 0 0.00770911
-1.70169 -0.00425279 0.00728823 0 0.00728823
-1.96349 0.00797779 0.00792329 0 0.00792329
-2.22529 -0.00361688 0.00725043 0 0.00725043
-2.48709 -0.000111829 0.00773466 0 0.00773466
-2.74889 -0.000485603 0.006901 0 0.006901
-3.01069 0.0119387 0.00673534 0 0.00673534
