3.01069 0.0218356 0.00463429 0 0.00463429
2.74889 0.0240448 0.00633467 0 0.00633467
2.48709 0.0170469 0.0083218 0 0.0083218
2.2253 0.00264509 0.00652936 0 0.00652936
1.9635 0.00786357 0.00549039 0 0.00549039
1.70169 0.0170674 0.00602275 0 0.00602275
1.4399 0.00771516 0.00577022 0 0.00577022
1.17809 0.0109743 0.00572973 0 0.00572973
0.916292 0.000449879 0.00568988 0 0.00568988
0.654503 0.0110182 0.00588453 0 0.00588453
0.392699 -0.00164113 0.00547331 0 0.00547331
-0.392699 0.00709462 0.00824001 0 0.00824001
-0.654503 0.0023754 0.00556235 0 0.00556235
-0.916292 -0.00338293 0.00547611 0 0.00547611
-1.17809 -0.00402745 0.00551482 0 0.00551482
-1.4399 0.00782938 0.00579146 0 0.00579146
-1.70169 0.00267786 0.00515364 0 0.00515364
-1.96349 0.000822033 0.00621312 0 0.00621312
-2.22529 0.00393903 0.00564819 0 0.00564819
-2.48709 0.010482 0.00601692 0 0.00601692
-2.74889 0.00658748 0.00543868 0 0.00543868
-3.01069 0.00957854 0.00501732 0 0.00501732
