3.01069 3237 56.8946 2242 47.3498
2.74889 1851 43.0232 1175 34.2783
2.48709 1455 38.1445 976 31.241
2.2253 3061 55.3263 1780 42.19
1.9635 3731 61.0819 2211 47.0213
1.70169 3254 57.0438 2043 45.1996
1.4399 3679 60.6548 2276 47.7074
1.17809 3739 61.1474 2261 47.55
0.916292 3508 59.2284 2269 47.634
0.654503 4169 64.5678 2471 49.7092
0.392699 4665 68.3008 2814 53.0471
0.130894 167 12.9228 159 12.6095
-0.130894 553 23.516 345 18.5742
-0.392699 1650 40.6202 878 29.6311
-0.654503 3508 59.2284 2260 47.5395
-0.916292 3181 56.4004 1930 43.9318
-1.17809 3929 62.6817 2136 46.2169
-1.4399 2991 54.69 1904 43.6348
-1.70169 3467 58.8812 2045 45.2217
-1.96349 2960 54.4059 1720 41.4729
-2.22529 3868 62.1932 2440 49.3964
-2.48709 3640 60.3324 2094 45.7602
-2.74889 4280 65.4217 2536 50.3587
-3.01069 3739 61.1474 2918 54.0185
