3.01069 0.0303587 0.00796755 0 0.00796755
2.74889 0.0338992 0.0105927 0 0.0105927
2.48709 -0.0082938 0.0146192 0 0.0146192
2.2253 0.00856515 0.00982614 0 0.00982614
1.9635 0.010671 0.00913542 0 0.00913542
1.70169 0.00404952 0.00953238 0 0.00953238
1.4399 -0.0176285 0.00983244 0 0.00983244
1.17809 0.00715408 0.00939906 0 0.00939906
0.916292 0.0163577 0.00943089 0 0.00943089
0.654503 -0.000523196 0.00896165 0 0.00896165
0.392699 0.0083835 0.00844476 0 0.00844476
-0.392699 0.0171034 0.0150121 0 0.0150121
-0.654503 0.00888945 0.0090685 0 0.0090685
-0.916292 0.0110933 0.00933946 0 0.00933946
-1.17809 0.000664663 0.00907717 0 0.00907717
-1.4399 -0.00171409 0.00959505 0 0.00959505
-1.70169 0.00558052 0.00932087 0 0.00932087
-1.96349 0.0104625 0.0100766 0 0.0100766
-2.22529 -0.00180468 0.0088442 0 0.0088442
-2.48709 0.0162292 0.0096813 0 0.0096813
-2.74889 -0.0128675 0.00878202 0 0.00878202
-3.01069 0.0044933 0.00780772 0 0.00780772
