3.01069 11490 107.191 10403 101.995
2.74889 6991 83.6122 6138 78.3454
2.48709 4667 68.3154 5622 74.98
2.2253 7044 83.9285 5721 75.6373
1.9635 8476 92.0652 6862 82.8372
1.70169 6416 80.0999 5120 71.5542
1.4399 4632 68.0588 4069 63.7887
1.17809 7388 85.9535 5994 77.4209
0.916292 7878 88.7581 6493 80.5792
0.654503 7242 85.0999 5804 76.184
0.392699 7779 88.1986 6582 81.1295
0.130894 1293 35.9583 1195 34.5688
-0.130894 2578 50.774 1525 39.0512
-0.392699 2668 51.6527 1842 42.9185
-0.654503 7639 87.4014 5934 77.0325
-0.916292 8675 93.1397 7009 83.7198
-1.17809 8461 91.9837 6665 81.6395
-1.4399 6962 83.4386 5502 74.1755
-1.70169 7850 88.6002 6338 79.6116
-1.96349 6843 82.7224 5381 73.3553
-2.22529 8554 92.4878 7012 83.7377
-2.48709 7495 86.5737 5817 76.2693
-2.74889 8472 92.0435 6883 82.9638
-3.01069 10362 101.794 8363 91.4494
