3.01069 22801 151 16357 127.894
2.74889 12172 110.327 9118 95.4882
2.48709 7105 84.2912 5607 74.8799
2.2253 11715 108.236 8827 93.9521
1.9635 16482 128.382 11248 106.057
1.70169 13566 116.473 9177 95.7967
1.4399 14924 122.164 9949 99.7447
1.17809 15085 122.821 10451 102.23
0.916292 15462 124.346 10748 103.673
0.654503 14301 119.587 9854 99.2673
0.392699 16745 129.402 11695 108.143
0.130894 1877 43.3244 1718 41.4488
-0.130894 2850 53.3854 1941 44.0568
-0.392699 7322 85.5687 4272 65.3605
-0.654503 16148 127.075 10752 103.692
-0.916292 16757 129.449 11326 106.424
-1.17809 16533 128.581 10820 104.019
-1.4399 14813 121.709 10060 100.3
-1.70169 18806 137.135 12979 113.925
-1.96349 12962 113.851 8380 91.5423
-2.22529 15636 125.044 11466 107.079
-2.48709 13686 116.987 9340 96.6437
-2.74889 16819 129.688 11276 106.189
-3.01069 19703 140.367 14698 121.235
