3.01069 0.0299986 0.00702865 0 0.00702865
2.74889 0.0379711 0.00918282 0 0.00918282
2.48709 0.0170416 0.00950332 0 0.00950332
2.2253 0.00916299 0.00938521 0 0.00938521
1.9635 0.0109609 0.00857703 0 0.00857703
1.70169 0.000738156 0.00987968 0 0.00987968
1.4399 0.00452886 0.0111031 0 0.0111031
1.17809 0.00107356 0.00913262 0 0.00913262
0.916292 0.0111214 0.00881804 0 0.00881804
0.654503 0.0085254 0.00931498 0 0.00931498
0.392699 0.0130051 0.00876617 0 0.00876617
-0.392699 0.0238043 0.0166548 0 0.0166548
-0.654503 -0.00128152 0.00916788 0 0.00916788
-0.916292 0.0205176 0.0085253 0 0.0085253
-1.17809 0.0201248 0.00874091 0 0.00874091
-1.4399 -0.0123014 0.00946765 0 0.00946765
-1.70169 0.0158092 0.00894528 0 0.00894528
-1.96349 0.00160259 0.00964126 0 0.00964126
-2.22529 0.000326457 0.00844063 0 0.00844063
-2.48709 0.0173045 0.00934386 0 0.00934386
-2.74889 0.00183251 0.00852574 0 0.00852574
-3.01069 0.020704 0.00780548 0 0.00780548
