3.01069 11228 105.962 9823 99.111
2.74889 6456 80.3492 5704 75.5248
2.48709 4581 67.6831 5448 73.8106
2.2253 7045 83.9345 5632 75.0467
1.9635 8425 91.7878 6731 82.0427
1.70169 6405 80.0312 5126 71.5961
1.4399 4654 68.2202 4043 63.5846
1.17809 7365 85.8196 5997 77.4403
0.916292 7727 87.9034 6367 79.7935
0.654503 7021 83.7914 5721 75.6373
0.392699 7763 88.1079 6430 80.1873
0.130894 1307 36.1525 1156 34
-0.130894 2459 49.5883 1418 37.6563
-0.392699 2593 50.9215 1761 41.9643
-0.654503 7426 86.1742 5965 77.2334
-0.916292 8548 92.4554 6745 82.1279
-1.17809 8275 90.967 6419 80.1187
-1.4399 7006 83.7019 5654 75.1931
-1.70169 7650 87.4643 6157 78.4666
-1.96349 6746 82.134 5378 73.3348
-2.22529 8391 91.6024 7026 83.8212
-2.48709 7345 85.703 5634 75.06
-2.74889 8431 91.8205 6876 82.9216
-3.01069 10084 100.419 8045 89.6939
