3.01069 0.034478 0.0104201 0 0.0104201
2.74889 0.0180898 0.0141257 0 0.0141257
2.48709 0.0395604 0.0196371 0 0.0196371
2.2253 0.0161616 0.014992 0 0.014992
1.9635 -0.00785467 0.0147828 0 0.0147828
1.70169 -0.0161637 0.0179937 0 0.0179937
1.4399 0.0127927 0.0233677 0 0.0233677
1.17809 -0.00267227 0.0158038 0 0.0158038
0.916292 0.0442354 0.0157795 0 0.0157795
0.654503 0.012396 0.017785 0 0.017785
0.392699 0.0169014 0.0165293 0 0.0165293
-0.392699 0.0235005 0.0317405 0 0.0317405
-0.654503 0.0258404 0.0161444 0 0.0161444
-0.916292 0.00575365 0.0152693 0 0.0152693
-1.17809 0.00259117 0.0145342 0 0.0145342
-1.4399 0.0153448 0.0167439 0 0.0167439
-1.70169 0.0139545 0.0163918 0 0.0163918
-1.96349 -0.0153124 0.0175505 0 0.0175505
-2.22529 -0.00885388 0.0153845 0 0.0153845
-2.48709 0.0240685 0.0163533 0 0.0163533
-2.74889 -0.019832 0.0154152 0 0.0154152
-3.01069 0.0217403 0.010503 0 0.010503
