3.01069 0.0160455 0.0148215 0 0.0148215
2.74889 0.0342441 0.0202735 0 0.0202735
2.48709 0.00489698 0.0225933 0 0.0225933
2.2253 0.00635445 0.0167176 0 0.0167176
1.9635 0.0171258 0.0149165 0 0.0149165
1.70169 0.00303398 0.0156309 0 0.0156309
1.4399 0.00220171 0.0148154 0 0.0148154
1.17809 0.00616526 0.0148347 0 0.0148347
0.916292 -0.0166219 0.0149758 0 0.0149758
0.654503 -0.00745364 0.0142872 0 0.0142872
0.392699 -0.0184267 0.0134591 0 0.0134591
-0.392699 -0.00153177 0.023898 0 0.023898
-0.654503 0.0133454 0.0147832 0 0.0147832
-0.916292 -0.0136647 0.0162148 0 0.0162148
-1.17809 0.028202 0.0150865 0 0.0150865
-1.4399 -0.0114424 0.0163077 0 0.0163077
-1.70169 0.0160187 0.0155191 0 0.0155191
-1.96349 -0.0113347 0.0171569 0 0.0171569
-2.22529 -0.00465444 0.0143579 0 0.0143579
-2.48709 0.0191469 0.0153112 0 0.0153112
-2.74889 -0.0227028 0.0142062 0 0.0142062
-3.01069 -0.00315131 0.0131197 0 0.0131197
