3.01069 0.0240564 0.00546469 0 0.00546469
2.74889 0.0184625 0.00734063 0 0.00734063
2.48709 0.0112124 0.00939617 0 0.00939617
2.2253 0.0114167 0.00748818 0 0.00748818
1.9635 0.0109648 0.00663525 0 0.00663525
1.70169 0.00582553 0.00736514 0 0.00736514
1.4399 0.0184634 0.00702743 0 0.00702743
1.17809 -0.00213281 0.0069294 0 0.0069294
0.916292 0.00696714 0.00680175 0 0.00680175
0.654503 0.0155291 0.00707214 0 0.00707214
0.392699 0.0114802 0.00650546 0 0.00650546
-0.392699 0.00852794 0.0107794 0 0.0107794
-0.654503 0.00948748 0.00679171 0 0.00679171
-0.916292 0.00785848 0.00662293 0 0.00662293
-1.17809 0.00633543 0.00678127 0 0.00678127
-1.4399 0.0162561 0.00699672 0 0.00699672
-1.70169 0.011316 0.00617592 0 0.00617592
-1.96349 0.0114819 0.00768501 0 0.00768501
-2.22529 0.00851044 0.00658018 0 0.00658018
-2.48709 0.00622463 0.00729911 0 0.00729911
-2.74889 0.0110716 0.00662665 0 0.00662665
-3.01069 0.00650155 0.00581801 0 0.00581801
