3.01069 0.00819009 0.012492 0 0.012492
2.74889 0.0247164 0.0163926 0 0.0163926
2.48709 -0.00779275 0.018725 0 0.018725
2.2253 0.00148901 0.0128557 0 0.0128557
1.9635 0.0279227 0.0114708 0 0.0114708
1.70169 0.0105886 0.0124259 0 0.0124259
1.4399 0.00420954 0.0117228 0 0.0117228
1.17809 0.000646152 0.0116417 0 0.0116417
0.916292 0.00661168 0.0119549 0 0.0119549
0.654503 -0.0104183 0.0110023 0 0.0110023
0.392699 -0.00623897 0.0103945 0 0.0103945
-0.392699 0.0319378 0.0174011 0 0.0174011
-0.654503 0.013491 0.0118937 0 0.0118937
-0.916292 -0.015216 0.01261 0 0.01261
-1.17809 0.0119646 0.0112546 0 0.0112546
-1.4399 0.0110519 0.0129504 0 0.0129504
-1.70169 -0.00487647 0.0121503 0 0.0121503
-1.96349 -0.0133849 0.0131539 0 0.0131539
-2.22529 -0.00680854 0.011453 0 0.011453
-2.48709 0.00617472 0.0117729 0 0.0117729
-2.74889 -0.00765085 0.0109391 0 0.0109391
-3.01069 0.00199318 0.0115713 0 0.0115713
