3.01069 0.0368382 0.00985761 0 0.00985761
2.74889 0.0215777 0.013385 0 0.013385
2.48709 0.0366081 0.018496 0 0.018496
2.2253 0.011637 0.0142197 0 0.0142197
1.9635 -0.00732073 0.0140167 0 0.0140167
1.70169 -0.00421725 0.0170774 0 0.0170774
1.4399 0.0023051 0.0221513 0 0.0221513
1.17809 -0.00455066 0.0150315 0 0.0150315
0.916292 0.0357577 0.0150913 0 0.0150913
0.654503 0.0076674 0.0169805 0 0.0169805
0.392699 0.00775614 0.0157287 0 0.0157287
-0.392699 0.015303 0.0305241 0 0.0305241
-0.654503 0.026573 0.0154283 0 0.0154283
-0.916292 0.00727607 0.0145801 0 0.0145801
-1.17809 0.00591438 0.0138303 0 0.0138303
-1.4399 0.00974416 0.0159733 0 0.0159733
-1.70169 0.00501558 0.0156883 0 0.0156883
-1.96349 -0.000644202 0.0167674 0 0.0167674
-2.22529 -0.0137303 0.0146639 0 0.0146639
-2.48709 0.0272524 0.0156342 0 0.0156342
-2.74889 -0.0225174 0.0147188 0 0.0147188
-3.01069 0.0176043 0.00990212 0 0.00990212
