3.01069 0.0146502 0.00643321 0 0.00643321
2.74889 0.0422095 0.00837439 0 0.00837439
2.48709 0.00917519 0.0100978 0 0.0100978
2.2253 0.00172877 0.00821659 0 0.00821659
1.9635 0.0029494 0.00748767 0 0.00748767
1.70169 0.00236017 0.00860456 0 0.00860456
1.4399 -0.00254828 0.0100948 0 0.0100948
1.17809 0.0033643 0.00798594 0 0.00798594
0.916292 0.0128345 0.00778339 0 0.00778339
0.654503 0.016227 0.00815613 0 0.00815613
0.392699 0.00211803 0.0078171 0 0.0078171
-0.392699 0.0196569 0.0134704 0 0.0134704
-0.654503 0.01359 0.00793097 0 0.00793097
-0.916292 0.00713892 0.00740716 0 0.00740716
-1.17809 0.0153857 0.00751454 0 0.00751454
-1.4399 -0.00477468 0.00823215 0 0.00823215
-1.70169 0.0127588 0.00781972 0 0.00781972
-1.96349 0.0101225 0.00835659 0 0.00835659
-2.22529 0.0104161 0.00746883 0 0.00746883
-2.48709 0.010878 0.00800767 0 0.00800767
-2.74889 0.00679978 0.00747556 0 0.00747556
-3.01069 0.0155829 0.0067819 0 0.0067819
