3.01069 0.0237387 0.00544077 0 0.00544077
2.74889 0.0186273 0.00730721 0 0.00730721
2.48709 0.00916299 0.00938521 0 0.00938521
2.2253 0.00914552 0.00755625 0 0.00755625
1.9635 0.0116136 0.00667435 0 0.00667435
1.70169 0.00398548 0.00737082 0 0.00737082
1.4399 0.0210935 0.00706464 0 0.00706464
1.17809 -0.000880514 0.00699948 0 0.00699948
0.916292 0.00802126 0.00684409 0 0.00684409
0.654503 0.0121142 0.00710097 0 0.00710097
0.392699 0.0133469 0.00655291 0 0.00655291
-0.392699 0.00416497 0.0106609 0 0.0106609
-0.654503 0.00855236 0.00685159 0 0.00685159
-0.916292 0.00785963 0.00669121 0 0.00669121
-1.17809 0.00638947 0.00681773 0 0.00681773
-1.4399 0.0120827 0.00704139 0 0.00704139
-1.70169 0.00956882 0.00623675 0 0.00623675
-1.96349 0.016025 0.00768335 0 0.00768335
-2.22529 0.0113972 0.00661816 0 0.00661816
-2.48709 0.0114289 0.00731217 0 0.00731217
-2.74889 0.00718001 0.00668662 0 0.00668662
-3.01069 0.00550123 0.00585231 0 0.00585231
