3.01069 0.0190781 0.00679898 0 0.00679898
2.74889 0.0257171 0.00902971 0 0.00902971
2.48709 0.0159632 0.0120381 0 0.0120381
2.2253 0.00558294 0.00809523 0 0.00809523
1.9635 0.00728317 0.00719909 0 0.00719909
1.70169 -0.00409327 0.00771597 0 0.00771597
1.4399 0.00446254 0.00800403 0 0.00800403
1.17809 0.00049589 0.00742965 0 0.00742965
0.916292 0.000737447 0.00765764 0 0.00765764
0.654503 -0.00379599 0.00719189 0 0.00719189
0.392699 0.00989443 0.00669901 0 0.00669901
-0.392699 0.00945756 0.0108572 0 0.0108572
-0.654503 0.00430785 0.00730037 0 0.00730037
-0.916292 0.00436661 0.00743858 0 0.00743858
-1.17809 -0.00219526 0.00709089 0 0.00709089
-1.4399 0.00429532 0.00770968 0 0.00770968
-1.70169 -0.00663219 0.00728333 0 0.00728333
-1.96349 0.0104759 0.0079448 0 0.0079448
-2.22529 -0.00529464 0.0072481 0 0.0072481
-2.48709 0.000240066 0.00775976 0 0.00775976
-2.74889 -0.00139663 0.00690905 0 0.00690905
-3.01069 0.0189482 0.00673045 0 0.00673045
