3.01069 11006 104.909 8174 90.4102
2.74889 6278 79.2338 4676 68.3813
2.48709 3500 59.1608 2278 47.7284
2.2253 7663 87.5386 5134 71.6519
1.9635 9706 98.519 5955 77.1686
1.70169 8354 91.4002 5573 74.6525
1.4399 7830 88.4873 5135 71.6589
1.17809 9052 95.142 5690 75.4321
0.916292 8523 92.3201 5646 75.1399
0.654503 9619 98.0765 6142 78.3709
0.392699 11238 106.009 7038 83.8928
0.130894 628 25.0599 576 24
-0.130894 1438 37.921 1177 34.3074
-0.392699 4276 65.3911 2327 48.239
-0.654503 9411 97.0103 6005 77.4919
-0.916292 9065 95.2103 5641 75.1066
-1.17809 9911 99.554 5998 77.4468
-1.4399 8438 91.8586 5358 73.1984
-1.70169 9352 96.7057 5801 76.1643
-1.96349 7994 89.4092 5003 70.7319
-2.22529 9456 97.242 6321 79.5047
-2.48709 8296 91.0824 5379 73.3417
-2.74889 10448 102.215 6328 79.5487
-3.01069 11230 105.972 8029 89.6047
