3.01069 0.0317395 0.007226 0 0.007226
2.74889 0.0380827 0.00941624 0 0.00941624
2.48709 0.0188247 0.00964697 0 0.00964697
2.2253 0.00903813 0.00964079 0 0.00964079
1.9635 0.0130154 0.00879902 0 0.00879902
1.70169 0.00276141 0.010134 0 0.010134
1.4399 -0.001895 0.0113472 0 0.0113472
1.17809 0.000531985 0.00937992 0 0.00937992
0.916292 0.00731959 0.00906304 0 0.00906304
0.654503 0.00964793 0.00951209 0 0.00951209
0.392699 0.0132621 0.00901149 0 0.00901149
-0.392699 0.0282884 0.0168407 0 0.0168407
-0.654503 -0.00213156 0.00941312 0 0.00941312
-0.916292 0.0206395 0.00875352 0 0.00875352
-1.17809 0.0195694 0.00896402 0 0.00896402
-1.4399 -0.0101707 0.00970655 0 0.00970655
-1.70169 0.00998679 0.00921582 0 0.00921582
-1.96349 0.00669742 0.00988469 0 0.00988469
-2.22529 0.00245165 0.0086719 0 0.0086719
-2.48709 0.0170244 0.0095811 0 0.0095811
-2.74889 0.00224597 0.00876701 0 0.00876701
-3.01069 0.0196641 0.00807777 0 0.00807777
