3.01069 12242 110.644 9858 99.2875
2.74889 7408 86.0697 5838 76.4068
2.48709 4942 70.2994 5465 73.9256
2.2253 7410 86.0814 5421 73.6274
1.9635 8934 94.5198 6533 80.827
1.70169 6761 82.2253 4876 69.8284
1.4399 4888 69.9142 3871 62.2174
1.17809 7857 88.6397 5679 75.3591
0.916292 8348 91.3674 6124 78.256
0.654503 7627 87.3327 5572 74.6458
0.392699 8190 90.4986 6230 78.9303
0.130894 1351 36.756 1156 34
-0.130894 2660 51.5752 1490 38.6005
-0.392699 2805 52.9623 1809 42.5323
-0.654503 8046 89.6995 5624 74.9933
-0.916292 9167 95.7445 6649 81.5414
-1.17809 8978 94.7523 6334 79.5864
-1.4399 7334 85.6388 5246 72.4293
-1.70169 8270 90.9395 5938 77.0584
-1.96349 7223 84.9882 5145 71.7287
-2.22529 9045 95.1052 6657 81.5904
-2.48709 7872 88.7243 5531 74.3707
-2.74889 8997 94.8525 6512 80.697
-3.01069 11025 105 7801 88.3233
