3.01069 0.0152365 0.0147425 0 0.0147425
2.74889 0.0380896 0.0200854 0 0.0200854
2.48709 -0.00910857 0.0222879 0 0.0222879
2.2253 0.0106387 0.0165512 0 0.0165512
1.9635 0.0103129 0.0148064 0 0.0148064
1.70169 0.00706532 0.015467 0 0.015467
1.4399 -0.00389367 0.0147445 0 0.0147445
1.17809 0.00957017 0.0147309 0 0.0147309
0.916292 -0.024768 0.0149936 0 0.0149936
0.654503 -0.0155981 0.0142773 0 0.0142773
0.392699 -0.0146999 0.013493 0 0.013493
-0.392699 0.0045917 0.0233378 0 0.0233378
-0.654503 0.0133982 0.0148156 0 0.0148156
-0.916292 -0.0190741 0.0162735 0 0.0162735
-1.17809 0.0236465 0.0150883 0 0.0150883
-1.4399 -0.00717792 0.0162995 0 0.0162995
-1.70169 0.0211844 0.0154655 0 0.0154655
-1.96349 -0.00386958 0.016986 0 0.016986
-2.22529 -0.0149552 0.0143537 0 0.0143537
-2.48709 0.019455 0.0151468 0 0.0151468
-2.74889 -0.0264438 0.0141806 0 0.0141806
-3.01069 -0.00217399 0.0132248 0 0.0132248
