3.01069 0.0437616 0.00882417 0 0.00882417
2.74889 0.0496686 0.0112803 0 0.0112803
2.48709 0.0121886 0.0144539 0 0.0144539
2.2253 0.0139299 0.012552 0 0.012552
1.9635 0.0110533 0.0124268 0 0.0124268
1.70169 0.017856 0.0149446 0 0.0149446
1.4399 -0.01219 0.018857 0 0.018857
1.17809 0.0140518 0.0135806 0 0.0135806
0.916292 -0.00148367 0.013681 0 0.013681
0.654503 -0.00562718 0.0152217 0 0.0152217
0.392699 0.0232861 0.0139376 0 0.0139376
-0.392699 -0.00768535 0.0300146 0 0.0300146
-0.654503 0.0256235 0.0142852 0 0.0142852
-0.916292 -0.00616828 0.0133561 0 0.0133561
-1.17809 0.0193089 0.0127846 0 0.0127846
-1.4399 0.0126065 0.0144538 0 0.0144538
-1.70169 0.0141904 0.0141777 0 0.0141777
-1.96349 0.0172577 0.0155356 0 0.0155356
-2.22529 0.0256032 0.0131649 0 0.0131649
-2.48709 0.00448896 0.0145264 0 0.0145264
-2.74889 -0.00597812 0.0131855 0 0.0131855
-3.01069 0.0078993 0.00918178 0 0.00918178
