3.01069 5321 72.9452 6681 81.7374
2.74889 2846 53.3479 4109 64.1015
2.48709 1511 38.8716 2419 49.1833
2.2253 2498 49.98 3213 56.6833
1.9635 2523 50.2295 3269 57.1752
1.70169 1705 41.2916 2275 47.697
1.4399 1020 31.9374 1387 37.2424
1.17809 2200 46.9042 2745 52.3927
0.916292 2268 47.6235 2664 51.614
0.654503 1745 41.7732 2143 46.2925
0.392699 2034 45.0999 2629 51.2738
0.130894 379 19.4679 572 23.9165
-0.130894 1542 39.2683 1645 40.5586
-0.392699 544 23.3238 550 23.4521
-0.654503 2152 46.3897 2508 50.0799
-0.916292 2366 48.6415 2782 52.7447
-1.17809 2626 51.2445 3113 55.7943
-1.4399 1976 44.4522 2420 49.1935
-1.70169 2039 45.1553 2519 50.1896
-1.96349 1775 42.1307 2104 45.8694
-2.22529 2290 47.8539 2953 54.3415
-2.48709 2097 45.793 2377 48.7545
-2.74889 2252 47.4552 2855 53.4322
-3.01069 5181 71.9792 5970 77.2658
