3.01069 11920 109.179 9276 96.312
2.74889 6826 82.6196 5424 73.6478
2.48709 4865 69.7496 5277 72.643
2.2253 7404 86.0465 5338 73.0616
1.9635 8905 94.3663 6382 79.8874
1.70169 6747 82.1401 4862 69.728
1.4399 4926 70.1855 3896 62.4179
1.17809 7825 88.459 5688 75.4188
0.916292 8158 90.3216 6051 77.7882
0.654503 7403 86.0407 5480 74.027
0.392699 8177 90.4268 6083 77.9936
0.130894 1363 36.9188 1107 33.2716
-0.130894 2594 50.9313 1390 37.2827
-0.392699 2704 52 1714 41.4005
-0.654503 7851 88.6059 5663 75.2529
-0.916292 9061 95.1893 6397 79.9812
-1.17809 8729 93.4291 6107 78.1473
-1.4399 7424 86.1626 5368 73.2666
-1.70169 8083 89.9055 5836 76.3937
-1.96349 7097 84.2437 5090 71.3442
-2.22529 8882 94.2444 6642 81.4985
-2.48709 7723 87.8806 5360 73.212
-2.74889 8899 94.3345 6500 80.6226
-3.01069 10715 103.513 7520 86.7179
