3.01069 0.019744 0.00463345 0 0.00463345
2.74889 0.0196882 0.0063455 0 0.0063455
2.48709 0.0168139 0.00829659 0 0.00829659
2.2253 0.00220643 0.00648393 0 0.00648393
1.9635 0.0052078 0.00546675 0 0.00546675
1.70169 0.0168525 0.00600929 0 0.00600929
1.4399 0.0117465 0.00576171 0 0.00576171
1.17809 0.00831668 0.00569046 0 0.00569046
0.916292 0.00350602 0.00566577 0 0.00566577
0.654503 0.00973104 0.00585842 0 0.00585842
0.392699 -0.00240827 0.00544317 0 0.00544317
-0.392699 0.0066414 0.00825716 0 0.00825716
-0.654503 0.00138487 0.00552912 0 0.00552912
-0.916292 -0.00525854 0.00543373 0 0.00543373
-1.17809 -0.00421812 0.00548884 0 0.00548884
-1.4399 0.00735258 0.00575607 0 0.00575607
-1.70169 0.00142873 0.0051239 0 0.0051239
-1.96349 0.00362277 0.00619074 0 0.00619074
-2.22529 0.00527629 0.00560155 0 0.00560155
-2.48709 0.0107185 0.00599997 0 0.00599997
-2.74889 0.00477665 0.00541018 0 0.00541018
-3.01069 0.0059758 0.00498852 0 0.00498852
