3.01069 4956 70.3989 6137 78.339
2.74889 2733 52.2781 3730 61.0737
2.48709 1408 37.5233 2367 48.6518
2.2253 2447 49.4672 3133 55.9732
1.9635 2567 50.6656 3206 56.6216
1.70169 1724 41.5211 2201 46.9148
1.4399 1018 31.9061 1425 37.7492
1.17809 2226 47.1805 2676 51.7301
0.916292 2117 46.0109 2679 51.7591
0.654503 1723 41.509 2173 46.6154
0.392699 2008 44.8107 2516 50.1597
0.130894 366 19.1311 548 23.4094
-0.130894 1453 38.1182 1538 39.2173
-0.392699 529 23 560 23.6643
-0.654503 2046 45.2327 2389 48.8774
-0.916292 2338 48.3529 2824 53.1413
-1.17809 2602 51.0098 3003 54.7996
-1.4399 1943 44.0795 2366 48.6415
-1.70169 2024 44.9889 2455 49.548
-1.96349 1782 42.2137 2038 45.1442
-2.22529 2360 48.5798 2813 53.0377
-2.48709 1991 44.6206 2362 48.6004
-2.74889 2362 48.6004 2897 53.8238
-3.01069 5015 70.8167 5892 76.7594
