3.01069 23718 154.006 17264 131.393
2.74889 12643 112.441 9524 97.591
2.48709 7375 85.8778 5721 75.6373
2.2253 11906 109.115 8826 93.9468
1.9635 16800 129.615 11340 106.489
1.70169 14060 118.575 9229 96.0677
1.4399 15220 123.369 10213 101.059
1.17809 15552 124.708 10185 100.921
0.916292 15614 124.956 10747 103.668
0.654503 14693 121.215 10023 100.115
0.392699 16818 129.684 11784 108.554
0.130894 2007 44.7996 1716 41.4246
-0.130894 2730 52.2494 2165 46.5296
-0.392699 7373 85.8662 4412 66.4229
-0.654503 16361 127.91 10729 103.581
-0.916292 16828 129.723 11242 106.028
-1.17809 16509 128.487 10813 103.986
-1.4399 15185 123.227 10193 100.96
-1.70169 19053 138.033 12962 113.851
-1.96349 13079 114.363 8593 92.6984
-2.22529 16002 126.499 11531 107.382
-2.48709 14021 118.41 9446 97.1905
-2.74889 17146 130.943 11250 106.066
-3.01069 20192 142.099 14663 121.091
