3.01069 0.0373826 0.00795549 0 0.00795549
2.74889 0.0345782 0.0105049 0 0.0105049
2.48709 -0.02434 0.0146203 0 0.0146203
2.2253 0.0115558 0.00991864 0 0.00991864
1.9635 0.000736354 0.00916093 0 0.00916093
1.70169 0.00773452 0.00950239 0 0.00950239
1.4399 -0.0160896 0.0097808 0 0.0097808
1.17809 0.0163074 0.00944309 0 0.00944309
0.916292 0.0126984 0.00946348 0 0.00946348
0.654503 -0.00361755 0.00900074 0 0.00900074
0.392699 0.0134029 0.00847908 0 0.00847908
-0.392699 0.0146046 0.0147539 0 0.0147539
-0.654503 0.00651286 0.00914878 0 0.00914878
-0.916292 0.00981564 0.00945451 0 0.00945451
-1.17809 -9.13838e-05 0.00912427 0 0.00912427
-1.4399 0.00188397 0.00966329 0 0.00966329
-1.70169 0.010632 0.00932691 0 0.00932691
-1.96349 0.0112146 0.010046 0 0.010046
-2.22529 -0.000886197 0.00888459 0 0.00888459
-2.48709 0.0157506 0.00970964 0 0.00970964
-2.74889 -0.00861143 0.008845 0 0.008845
-3.01069 0.00219635 0.00789538 0 0.00789538
