3.01069 3226 56.7979 2332 48.2908
2.74889 1903 43.6234 1283 35.819
2.48709 1413 37.5899 996 31.5595
2.2253 3026 55.0091 1842 42.9185
1.9635 3898 62.434 2301 47.9687
1.70169 3268 57.1664 2102 45.8476
1.4399 3649 60.407 2288 47.833
1.17809 3687 60.7207 2323 48.1975
0.916292 3517 59.3043 2165 46.5296
0.654503 4082 63.8905 2411 49.1019
0.392699 4593 67.7717 2702 51.9808
0.130894 194 13.9284 143 11.9583
-0.130894 522 22.8473 400 20
-0.392699 1700 41.2311 921 30.348
-0.654503 3577 59.808 2305 48.0104
-0.916292 3092 55.6058 1849 43
-1.17809 3989 63.1585 2244 47.3709
-1.4399 3010 54.8635 1866 43.1972
-1.70169 3366 58.0172 2131 46.1628
-1.96349 2847 53.3573 1724 41.5211
-2.22529 3781 61.4898 2387 48.8569
-2.48709 3625 60.208 2218 47.0956
-2.74889 4141 64.3506 2416 49.1528
-3.01069 3737 61.131 2849 53.376
