3.01069 22860 151.195 16507 128.48
2.74889 12187 110.395 9200 95.9166
2.48709 7150 84.5577 5632 75.0467
2.2253 11885 109.018 8689 93.2148
1.9635 16670 129.112 11109 105.399
1.70169 13630 116.748 9180 95.8123
1.4399 14906 122.09 9817 99.0808
1.17809 15336 123.839 10230 101.143
0.916292 15546 124.684 10604 102.976
0.654503 14448 120.2 9809 99.0404
0.392699 16944 130.169 11504 107.257
0.130894 1861 43.1393 1759 41.9404
-0.130894 2767 52.6023 2066 45.4533
-0.392699 7295 85.4108 4387 66.2344
-0.654503 16359 127.902 10575 102.835
-0.916292 17051 130.579 11096 105.338
-1.17809 16693 129.201 10704 103.46
-1.4399 15003 122.487 9976 99.8799
-1.70169 19049 138.018 12750 112.916
-1.96349 13019 114.101 8344 91.3455
-2.22529 15876 126 11301 106.306
-2.48709 13760 117.303 9257 96.2133
-2.74889 17028 130.491 11119 105.447
-3.01069 20005 141.439 14541 120.586
