3.01069 10622 103.063 7605 87.2067
2.74889 5979 77.324 4375 66.1438
2.48709 3399 58.3009 2398 48.9694
2.2253 7598 87.1665 5030 70.9225
1.9635 9591 97.9337 5962 77.214
1.70169 8445 91.8967 5502 74.1755
1.4399 7781 88.21 5317 72.9178
1.17809 9067 95.2208 5522 74.3102
0.916292 8533 92.3742 5519 74.29
0.654503 9718 98.5799 6203 78.7591
0.392699 11047 105.105 6870 82.8855
0.130894 606 24.6171 611 24.7184
-0.130894 1339 36.5923 1195 34.5688
-0.392699 4207 64.8614 2266 47.6025
-0.654503 9355 96.7212 5943 77.0909
-0.916292 9010 94.921 5546 74.4715
-1.17809 9981 99.905 6015 77.5564
-1.4399 8388 91.586 5352 73.1574
-1.70169 9502 97.4782 5694 75.4586
-1.96349 7849 88.5946 4905 70.0357
-2.22529 9582 97.8877 6349 79.6806
-2.48709 8314 91.1811 5226 72.2911
-2.74889 10505 102.494 6455 80.343
-3.01069 10841 104.12 8015 89.5265
