-3.01069 5065 71.1688 5830 76.3544
-2.74889 2324 48.2079 2849 53.376
-2.48709 2012 44.8553 2342 48.3942
-2.22529 2340 48.3735 2868 53.5537
-1.96349 1790 42.3084 2012 44.8553
-1.70169 2016 44.8999 2507 50.07
-1.4399 1952 44.1814 2397 48.9592
-1.17809 2632 51.303 3026 55.0091
-0.916292 2312 48.0833 2756 52.4976
-0.654503 2058 45.3652 2405 49.0408
-0.392699 514 22.6716 555 23.5584
-0.130894 1405 37.4833 1521 39
0.130894 347 18.6279 520 22.8035
0.392699 1943 44.0795 2489 49.8899
0.654503 1704 41.2795 2119 46.0326
0.916292 2139 46.2493 2681 51.7784
1.17809 2174 46.6262 2626 51.2445
1.4399 996 31.5595 1367 36.973
1.70169 1699 41.2189 2235 47.2758
1.9635 2500 50 3166 56.2672
2.2253 2490 49.8999 3047 55.1996
2.48709 1442 37.9737 2341 48.3839
2.74889 2661 51.5849 3758 61.3025
3.01069 5099 71.4073 6349 79.6806
