-3.01069 19869 140.957 14300 119.583
-2.74889 17071 130.656 10963 104.704
-2.48709 14084 118.676 9283 96.3483
-2.22529 16001 126.495 11400 106.771
-1.96349 13054 114.254 8510 92.2497
-1.70169 18999 137.837 12689 112.645
-1.4399 15040 122.638 10045 100.225
-1.17809 16445 128.238 10567 102.796
-0.916292 16756 129.445 11068 105.205
-0.654503 16402 128.07 10594 102.927
-0.392699 7267 85.2467 4391 66.2646
-0.130894 2653 51.5073 2111 45.9456
0.130894 1893 43.5086 1744 41.7612
0.392699 16717 129.294 11406 106.799
0.654503 14333 119.721 9793 98.9596
0.916292 15472 124.386 10545 102.689
1.17809 15328 123.806 10098 100.489
1.4399 14924 122.164 9795 98.9697
1.70169 13830 117.601 9159 95.7027
1.9635 16512 128.499 10991 104.838
2.2253 11763 108.457 8681 93.1719
2.48709 7246 85.1234 5593 74.7864
2.74889 12161 110.277 9110 95.4463
3.01069 22906 151.347 16664 129.089
