-3.01069 10962 104.7 7730 87.9204
-2.74889 9055 95.1578 6646 81.523
-2.48709 7781 88.21 5535 74.3976
-2.22529 8896 94.3186 6610 81.3019
-1.96349 7251 85.1528 5142 71.7077
-1.70169 8304 91.1263 5968 77.2528
-1.4399 7288 85.3698 5309 72.8629
-1.17809 8992 94.8262 6293 79.3284
-0.916292 9211 95.974 6587 81.1603
-0.654503 8088 89.9333 5714 75.591
-0.392699 2723 52.1824 1798 42.4028
-0.130894 2700 51.9615 1510 38.8587
0.130894 1360 36.8782 1158 34.0294
0.392699 8300 91.1043 6345 79.6555
0.654503 7725 87.892 5618 74.9533
0.916292 8368 91.4768 6199 78.7337
1.17809 8000 89.4427 5699 75.4917
1.4399 4960 70.4273 3894 62.4019
1.70169 6819 82.5772 4886 69.8999
1.9635 9097 95.3782 6506 80.6598
2.2253 7385 85.936 5392 73.4302
2.48709 4985 70.6045 5397 73.4643
2.74889 7188 84.7821 5751 75.8353
3.01069 12369 111.216 9903 99.5138
