-3.01069 0.00807858 0.00807935 0 0.00807935
-2.74889 0.020525 0.00876539 0 0.00876539
-2.48709 0.0154418 0.00958171 0 0.00958171
-2.22529 -0.00693427 0.00867169 0 0.00867169
-1.96349 0.0037935 0.00988497 0 0.00988497
-1.70169 0.0127653 0.00921577 0 0.00921577
-1.4399 -0.00061715 0.00970692 0 0.00970692
-1.17809 0.0106611 0.00896556 0 0.00896556
-0.916292 0.00881751 0.00875537 0 0.00875537
-0.654503 0.0114984 0.0094126 0 0.0094126
-0.392699 0.0197274 0.0168451 0 0.0168451
0.392699 0.0296249 0.00900876 0 0.00900876
0.654503 0.0156548 0.00951164 0 0.00951164
0.916292 0.0173225 0.00906217 0 0.00906217
1.17809 0.00173319 0.00937994 0 0.00937994
1.4399 0.00170974 0.0113472 0 0.0113472
1.70169 0.00249747 0.0101341 0 0.0101341
1.9635 0.00651668 0.00879979 0 0.00879979
2.2253 0.00132963 0.0096413 0 0.0096413
2.48709 0.00384682 0.0096489 0 0.0096489
2.74889 0.020317 0.0094218 0 0.0094218
3.01069 0.0341279 0.00722599 0 0.00722599
