-3.01069 11057 105.152 7904 88.9044
-2.74889 10560 102.762 6356 79.7245
-2.48709 8470 92.0326 5343 73.0958
-2.22529 9637 98.1682 6341 79.6304
-1.96349 7990 89.3868 4966 70.4699
-1.70169 9541 97.678 5817 76.2693
-1.4399 8475 92.0598 5371 73.2871
-1.17809 9960 99.7998 6042 77.7303
-0.916292 9120 95.4987 5677 75.3459
-0.654503 9525 97.5961 6010 77.5242
-0.392699 4265 65.307 2301 47.9687
-0.130894 1407 37.51 1177 34.3074
0.130894 618 24.8596 591 24.3105
0.392699 11222 105.934 7070 84.0833
0.654503 9721 98.5951 6215 78.8353
0.916292 8779 93.6963 5679 75.3591
1.17809 9283 96.3483 5757 75.8749
1.4399 7803 88.3346 5240 72.3878
1.70169 8473 92.0489 5566 74.6056
1.9635 9711 98.5444 6079 77.9679
2.2253 7647 87.4471 5167 71.8818
2.48709 3458 58.8048 2359 48.5695
2.74889 6096 78.0769 4663 68.2862
3.01069 10921 104.504 8107 90.0389
