-3.01069 -0.00414195 0.0132246 0 0.0132246
-2.74889 -0.00421331 0.0141849 0 0.0141849
-2.48709 -0.00581381 0.0151498 0 0.0151498
-2.22529 0.0169333 0.0143532 0 0.0143532
-1.96349 -0.0315759 0.0169771 0 0.0169771
-1.70169 -0.0155906 0.0154672 0 0.0154672
-1.4399 -0.0227789 0.0162952 0 0.0162952
-1.17809 0.0222411 0.0150896 0 0.0150896
-0.916292 0.0114565 0.0162752 0 0.0162752
-0.654503 0.000103684 0.0148172 0 0.0148172
-0.392699 0.00227397 0.0233382 0 0.0233382
0.392699 0.0226773 0.013491 0 0.013491
0.654503 0.0159278 0.0142772 0 0.0142772
0.916292 0.0304959 0.0149912 0 0.0149912
1.17809 0.0302569 0.0147254 0 0.0147254
1.4399 -0.00142879 0.0147445 0 0.0147445
1.70169 0.00139834 0.0154675 0 0.0154675
1.9635 -0.0117371 0.0148062 0 0.0148062
2.2253 0.0346237 0.0165431 0 0.0165431
2.48709 -0.0163937 0.0222852 0 0.0222852
2.74889 0.0260774 0.0200947 0 0.0200947
3.01069 -0.018385 0.0147418 0 0.0147418
