-3.01069 0.0196885 0.00585144 0 0.00585144
-2.74889 0.0188106 0.00668578 0 0.00668578
-2.48709 0.00633106 0.00731267 0 0.00731267
-2.22529 0.000407531 0.00661874 0 0.00661874
-1.96349 -0.0058945 0.00768433 0 0.00768433
-1.70169 0.0119962 0.00623672 0 0.00623672
-1.4399 0.0029229 0.00704203 0 0.00704203
-1.17809 0.0168062 0.00681707 0 0.00681707
-0.916292 0.00804895 0.00669133 0 0.00669133
-0.654503 0.004451 0.00685187 0 0.00685187
-0.392699 0.000938029 0.0106611 0 0.0106611
0.392699 0.0194461 0.00655251 0 0.00655251
0.654503 0.0114103 0.00710123 0 0.00710123
0.916292 0.0112304 0.00684403 0 0.00684403
1.17809 0.0097335 0.00699924 0 0.00699924
1.4399 0.0209735 0.00706501 0 0.00706501
1.70169 0.00394924 0.0073709 0 0.0073709
1.9635 0.0198091 0.00667375 0 0.00667375
2.2253 0.00774143 0.0075565 0 0.0075565
2.48709 0.013716 0.00938497 0 0.00938497
2.74889 0.025924 0.0073064 0 0.0073064
3.01069 0.0121239 0.00544213 0 0.00544213
