-3.01069 0.000954249 0.00673184 0 0.00673184
-2.74889 0.00697626 0.00690894 0 0.00690894
-2.48709 0.0188739 0.00775853 0 0.00775853
-2.22529 0.0114024 0.00724777 0 0.00724777
-1.96349 0.00765341 0.00794518 0 0.00794518
-1.70169 0.011099 0.00728306 0 0.00728306
-1.4399 0.00637558 0.0077097 0 0.0077097
-1.17809 0.000413591 0.00709089 0 0.00709089
-0.916292 0.00813469 0.00743852 0 0.00743852
-0.654503 0.01414 0.00729986 0 0.00729986
-0.392699 0.00454651 0.0108578 0 0.0108578
0.392699 0.00614088 0.00669936 0 0.00669936
0.654503 0.00443602 0.00719187 0 0.00719187
0.916292 0.0284393 0.00765477 0 0.00765477
1.17809 0.0236768 0.00742776 0 0.00742776
1.4399 -0.0013143 0.00800415 0 0.00800415
1.70169 0.00775658 0.00771582 0 0.00771582
1.9635 0.00548372 0.00719929 0 0.00719929
2.2253 0.00116837 0.00809542 0 0.00809542
2.48709 0.00147012 0.0120399 0 0.0120399
2.74889 -0.00629707 0.00903278 0 0.00903278
3.01069 0.00890066 0.00680023 0 0.00680023
