-3.01069 -0.0157033 0.00789433 0 0.00789433
-2.74889 -0.00654823 0.00884499 0 0.00884499
-2.48709 0.00664395 0.00971089 0 0.00971089
-2.22529 -4.68918e-05 0.00888459 0 0.00888459
-1.96349 0.00142828 0.0100468 0 0.0100468
-1.70169 0.0110983 0.0093271 0 0.0093271
-1.4399 0.00199386 0.00966333 0 0.00966333
-1.17809 0.00491628 0.00912421 0 0.00912421
-0.916292 0.0139342 0.00945431 0 0.00945431
-0.654503 0.00503213 0.00914899 0 0.00914899
-0.392699 0.000965495 0.0147557 0 0.0147557
0.392699 0.0156873 0.00847909 0 0.00847909
0.654503 0.00589141 0.00900066 0 0.00900066
0.916292 0.0162924 0.00946329 0 0.00946329
1.17809 0.0259421 0.00944161 0 0.00944161
1.4399 0.00168491 0.00978186 0 0.00978186
1.70169 0.00415274 0.00950273 0 0.00950273
1.9635 0.0192296 0.00915943 0 0.00915943
2.2253 0.0157319 0.00991839 0 0.00991839
2.48709 0.0079881 0.0146238 0 0.0146238
2.74889 0.0293903 0.0105074 0 0.0105074
3.01069 0.026575 0.00795885 0 0.00795885
