-3.01069 11014 104.948 8140 90.2219
-2.74889 10393 101.946 6427 80.1686
-2.48709 8140 90.2219 5262 72.5396
-2.22529 9401 96.9588 6329 79.555
-1.96349 7853 88.6172 4942 70.2994
-1.70169 9313 96.5039 5678 75.3525
-1.4399 8351 91.3838 5339 73.0685
-1.17809 9932 99.6594 5971 77.2722
-0.916292 8955 94.6309 5510 74.2294
-0.654503 9241 96.1301 5938 77.0584
-0.392699 4218 64.9461 2292 47.8748
-0.130894 1370 37.0135 1195 34.5688
0.130894 616 24.8193 596 24.4131
0.392699 11063 105.181 6838 82.6922
0.654503 9616 98.0612 6130 78.2943
0.916292 8277 90.978 5486 74.0675
1.17809 8836 94 5455 73.858
1.4399 7808 88.3629 5212 72.1942
1.70169 8326 91.2469 5509 74.2226
1.9635 9586 97.9081 5838 76.4068
2.2253 7614 87.2582 4997 70.6895
2.48709 3441 58.66 2317 48.1352
2.74889 6161 78.492 4388 66.242
3.01069 10707 103.475 7672 87.59
