-3.01069 20328 142.576 14904 122.082
-2.74889 17103 130.778 11406 106.799
-2.48709 13697 117.034 9420 97.0567
-2.22529 15877 126.004 11432 106.921
-1.96349 13044 114.21 8427 91.7987
-1.70169 19103 138.214 13023 114.118
-1.4399 15148 123.077 10124 100.618
-1.17809 16757 129.449 10950 104.642
-0.916292 17123 130.855 11270 106.16
-0.654503 16318 127.742 10710 103.489
-0.392699 7401 86.0291 4408 66.3928
-0.130894 2844 53.3292 2120 46.0435
0.130894 1975 44.441 1731 41.6053
0.392699 17045 130.557 11882 109.005
0.654503 14808 121.688 10039 100.195
0.916292 15688 125.252 10806 103.952
1.17809 15560 124.74 10317 101.573
1.4399 15202 123.296 10235 101.168
1.70169 13860 117.729 9250 96.1769
1.9635 16958 130.223 11458 107.042
2.2253 12028 109.672 8834 93.9894
2.48709 7279 85.3171 5760 75.8947
2.74889 12669 112.557 9614 98.051
3.01069 23672 153.857 17107 130.794
