-3.01069 0.0104249 0.00498843 0 0.00498843
-2.74889 -5.76266e-05 0.00541028 0 0.00541028
-2.48709 -0.0149242 0.00599966 0 0.00599966
-2.22529 -0.00488382 0.00560159 0 0.00560159
-1.96349 -0.00137718 0.0061908 0 0.0061908
-1.70169 0.00173551 0.00512393 0 0.00512393
-1.4399 0.00258358 0.0057563 0 0.0057563
-1.17809 0.00840309 0.00548874 0 0.00548874
-0.916292 0.00983876 0.00543358 0 0.00543358
-0.654503 -0.00356124 0.0055291 0 0.0055291
-0.392699 0.0081416 0.00825721 0 0.00825721
0.392699 0.00872114 0.00544304 0 0.00544304
0.654503 0.0153063 0.00585818 0 0.00585818
0.916292 0.00593799 0.00566576 0 0.00566576
1.17809 0.00651705 0.00569063 0 0.00569063
1.4399 0.00823397 0.00576206 0 0.00576206
1.70169 8.94128e-05 0.00601028 0 0.00601028
1.9635 0.0123315 0.00546653 0 0.00546653
2.2253 0.0101448 0.00648369 0 0.00648369
2.48709 0.00127794 0.00829796 0 0.00829796
2.74889 0.0194655 0.00634583 0 0.00634583
3.01069 0.0154518 0.00463401 0 0.00463401
