-3.01069 5131 71.631 6032 77.666
-2.74889 2290 47.8539 2903 53.8795
-2.48709 2076 45.5631 2397 48.9592
-2.22529 2310 48.0625 2898 53.8331
-1.96349 1767 42.0357 2130 46.1519
-1.70169 2047 45.2438 2467 49.6689
-1.4399 1967 44.3509 2389 48.8774
-1.17809 2596 50.951 3090 55.5878
-0.916292 2392 48.9081 2850 53.3854
-0.654503 2140 46.2601 2492 49.9199
-0.392699 559 23.6432 555 23.5584
-0.130894 1590 39.8748 1662 40.7676
0.130894 398 19.9499 600 24.4949
0.392699 2099 45.8148 2656 51.5364
0.654503 1764 42 2197 46.8722
0.916292 2246 47.392 2662 51.5946
1.17809 2252 47.4552 2795 52.8678
1.4399 1042 32.28 1445 38.0132
1.70169 1730 41.5933 2241 47.3392
1.9635 2590 50.892 3309 57.5239
2.2253 2455 49.548 3299 57.4369
2.48709 1477 38.4318 2445 49.4469
2.74889 2918 54.0185 4081 63.8827
3.01069 5178 71.9583 6469 80.4301
