-3.01069 10778 103.817 7591 87.1263
-2.74889 8841 94.0266 6366 79.7872
-2.48709 7814 88.3968 5356 73.1847
-2.22529 9031 95.0316 6689 81.7863
-1.96349 7069 84.0773 5093 71.3653
-1.70169 8049 89.7162 5806 76.1971
-1.4399 7470 86.4292 5305 72.8354
-1.17809 8715 93.3542 6148 78.4092
-0.916292 9017 94.9579 6459 80.3679
-0.654503 7809 88.3685 5573 74.6525
-0.392699 2786 52.7826 1725 41.5331
-0.130894 2554 50.5371 1370 37.0135
0.130894 1354 36.7967 1105 33.2415
0.392699 8067 89.8165 5968 77.2528
0.654503 7305 85.4693 5434 73.7157
0.916292 8138 90.2109 5976 77.3046
1.17809 7682 87.647 5668 75.2861
1.4399 4854 69.6707 3873 62.2334
1.70169 6689 81.7863 4852 69.6563
1.9635 8742 93.4987 6409 80.0562
2.2253 7429 86.1916 5367 73.2598
2.48709 4822 69.4406 5345 73.1095
2.74889 7046 83.9405 5511 74.2361
3.01069 11793 108.596 9231 96.0781
