-3.01069 -0.00166344 0.0115713 0 0.0115713
-2.74889 -0.0128402 0.0109383 0 0.0109383
-2.48709 -0.00196421 0.0117732 0 0.0117732
-2.22529 -0.00571591 0.0114529 0 0.0114529
-1.96349 0.0216748 0.013152 0 0.013152
-1.70169 -0.00217499 0.0121504 0 0.0121504
-1.4399 -0.00837402 0.0129508 0 0.0129508
-1.17809 0.0167413 0.0112542 0 0.0112542
-0.916292 0.0199988 0.0126089 0 0.0126089
-0.654503 -0.00438958 0.0118949 0 0.0118949
-0.392699 -0.00978447 0.0174097 0 0.0174097
0.392699 -0.0070441 0.0103943 0 0.0103943
0.654503 0.00711644 0.0110025 0 0.0110025
0.916292 -0.00542446 0.011955 0 0.011955
1.17809 0.0140489 0.0116407 0 0.0116407
1.4399 -0.00745267 0.0117226 0 0.0117226
1.70169 0.004565 0.0124267 0 0.0124267
1.9635 -0.00757811 0.0114753 0 0.0114753
2.2253 0.0127229 0.0128549 0 0.0128549
2.48709 -0.0108116 0.0187241 0 0.0187241
2.74889 0.00626605 0.0163979 0 0.0163979
3.01069 0.00181498 0.0124926 0 0.0124926
