-3.01069 0.00746971 0.00678275 0 0.00678275
-2.74889 0.0109641 0.00747544 0 0.00747544
-2.48709 -0.00311007 0.00800821 0 0.00800821
-2.22529 -0.00852449 0.00746901 0 0.00746901
-1.96349 0.0117156 0.00835665 0 0.00835665
-1.70169 0.0145997 0.00781977 0 0.00781977
-1.4399 -0.0133261 0.00823136 0 0.00823136
-1.17809 0.0146497 0.0075149 0 0.0075149
-0.916292 0.00964906 0.00740715 0 0.00740715
-0.654503 0.0165568 0.00793089 0 0.00793089
-0.392699 -0.0124297 0.0134721 0 0.0134721
0.392699 0.0132421 0.00781657 0 0.00781657
0.654503 0.0269508 0.00815464 0 0.00815464
0.916292 0.0129405 0.00778362 0 0.00778362
1.17809 0.0192844 0.00798469 0 0.00798469
1.4399 0.00980699 0.0100944 0 0.0100944
1.70169 0.00863 0.00860437 0 0.00860437
1.9635 0.0189066 0.00748654 0 0.00748654
2.2253 -0.00396416 0.00821653 0 0.00821653
2.48709 0.015627 0.0100973 0 0.0100973
2.74889 0.00898219 0.00838208 0 0.00838208
3.01069 0.0228456 0.00643249 0 0.00643249
