-3.01069 0.0160354 0.00918113 0 0.00918113
-2.74889 0.00839411 0.0131853 0 0.0131853
-2.48709 0.0106119 0.014526 0 0.014526
-2.22529 0.00420892 0.0131696 0 0.0131696
-1.96349 0.0274954 0.0155328 0 0.0155328
-1.70169 -0.00903576 0.0141787 0 0.0141787
-1.4399 -0.00266555 0.0144551 0 0.0144551
-1.17809 0.00947044 0.0127868 0 0.0127868
-0.916292 0.015774 0.0133548 0 0.0133548
-0.654503 0.0167723 0.0142886 0 0.0142886
-0.392699 -0.000994011 0.0300151 0 0.0300151
0.392699 0.0314657 0.0139353 0 0.0139353
0.654503 0.0170786 0.0152199 0 0.0152199
0.916292 -0.00455005 0.0136808 0 0.0136808
1.17809 0.030182 0.0135765 0 0.0135765
1.4399 0.026745 0.0188519 0 0.0188519
1.70169 0.000346472 0.0149474 0 0.0149474
1.9635 0.0210914 0.0124253 0 0.0124253
2.2253 0.0387176 0.0125445 0 0.0125445
2.48709 0.0207365 0.0144524 0 0.0144524
2.74889 0.0402119 0.0112863 0 0.0112863
3.01069 0.0083679 0.00883292 0 0.00883292
