3.01069 0.0438171 0.00917358 0 0.00917358
2.74889 0.0486813 0.011635 0 0.011635
2.48709 0.00952946 0.0148917 0 0.0148917
2.2253 0.017143 0.012971 0 0.012971
1.9635 0.00908071 0.0128466 0 0.0128466
1.70169 0.0120558 0.0154421 0 0.0154421
1.4399 -0.00551521 0.0194921 0 0.0194921
1.17809 0.0172651 0.0140269 0 0.0140269
0.916292 0.00112577 0.0140709 0 0.0140709
0.654503 0.000587915 0.0156617 0 0.0156617
0.392699 0.0288191 0.0143723 0 0.0143723
-0.392699 0.00797135 0.0308155 0 0.0308155
-0.654503 0.0223689 0.014726 0 0.014726
-0.916292 -0.00796193 0.013766 0 0.013766
-1.17809 0.0133633 0.0132084 0 0.0132084
-1.4399 0.0142181 0.014909 0 0.014909
-1.70169 0.0232426 0.014584 0 0.014584
-1.96349 0.0079699 0.0159879 0 0.0159879
-2.22529 0.0303268 0.0135855 0 0.0135855
-2.48709 -0.000251054 0.0149994 0 0.0149994
-2.74889 -0.00437796 0.0135622 0 0.0135622
-3.01069 0.0102629 0.00959971 0 0.00959971
