3.01069 0.0274808 0.00728176 0 0.00728176
2.74889 0.0397422 0.00942315 0 0.00942315
2.48709 0.024178 0.00967556 0 0.00967556
2.2253 0.0117248 0.00963646 0 0.00963646
1.9635 0.0132589 0.00883187 0 0.00883187
1.70169 0.00111933 0.0101102 0 0.0101102
1.4399 0.0017124 0.0113824 0 0.0113824
1.17809 0.00275692 0.00946475 0 0.00946475
0.916292 0.00464489 0.00911237 0 0.00911237
0.654503 0.00885201 0.00952381 0 0.00952381
0.392699 0.0141732 0.0090176 0 0.0090176
-0.392699 0.0179715 0.0166546 0 0.0166546
-0.654503 -0.00206367 0.00944202 0 0.00944202
-0.916292 0.0248533 0.00880988 0 0.00880988
-1.17809 0.0166478 0.00902751 0 0.00902751
-1.4399 -0.00590751 0.00975474 0 0.00975474
-1.70169 0.0118301 0.00924194 0 0.00924194
-1.96349 0.00739141 0.00989285 0 0.00989285
-2.22529 0.00337526 0.0087172 0 0.0087172
-2.48709 0.0120487 0.00957395 0 0.00957395
-2.74889 0.00366055 0.00882616 0 0.00882616
-3.01069 0.0213782 0.0081883 0 0.0081883
