3.01069 0.0257638 0.00536747 0 0.00536747
2.74889 0.0190467 0.00718745 0 0.00718745
2.48709 0.013947 0.00926624 0 0.00926624
2.2253 0.0112112 0.0075167 0 0.0075167
1.9635 0.0127516 0.00660447 0 0.00660447
1.70169 0.00842781 0.00725448 0 0.00725448
1.4399 0.0205512 0.0069584 0 0.0069584
1.17809 0.00787676 0.00696751 0 0.00696751
0.916292 0.00468794 0.00678917 0 0.00678917
0.654503 0.0107163 0.0070127 0 0.0070127
0.392699 0.0149234 0.00650887 0 0.00650887
-0.392699 0.00929092 0.0103761 0 0.0103761
-0.654503 0.0134674 0.0067951 0 0.0067951
-0.916292 0.00655652 0.00665976 0 0.00665976
-1.17809 0.0046063 0.00675268 0 0.00675268
-1.4399 0.00420642 0.00699047 0 0.00699047
-1.70169 0.00665216 0.00616987 0 0.00616987
-1.96349 0.0153807 0.00754356 0 0.00754356
-2.22529 0.00967002 0.00659354 0 0.00659354
-2.48709 0.0127367 0.00720257 0 0.00720257
-2.74889 0.00591508 0.00661316 0 0.00661316
-3.01069 0.0091282 0.00582566 0 0.00582566
