3.01069 0.012884 0.00632478 0 0.00632478
2.74889 0.0357245 0.00827321 0 0.00827321
2.48709 0.0085136 0.00999299 0 0.00999299
2.2253 0.00198251 0.00811694 0 0.00811694
1.9635 0.00400617 0.00739941 0 0.00739941
1.70169 -0.000709067 0.00852115 0 0.00852115
1.4399 0.00112498 0.00996959 0 0.00996959
1.17809 -0.00102541 0.00786316 0 0.00786316
0.916292 0.0120813 0.00766709 0 0.00766709
0.654503 0.0132586 0.00807553 0 0.00807553
0.392699 0.00566353 0.00771077 0 0.00771077
-0.392699 0.0221075 0.0134404 0 0.0134404
-0.654503 0.0117916 0.00784698 0 0.00784698
-0.916292 0.0105333 0.00731754 0 0.00731754
-1.17809 0.0197592 0.00741738 0 0.00741738
-1.4399 -0.00645893 0.0081217 0 0.0081217
-1.70169 0.0122509 0.00772725 0 0.00772725
-1.96349 0.00882196 0.00825643 0 0.00825643
-2.22529 0.0105774 0.00735643 0 0.00735643
-2.48709 0.0122327 0.00791793 0 0.00791793
-2.74889 0.00475529 0.00738082 0 0.00738082
-3.01069 0.0131332 0.0066631 0 0.0066631
