3.01069 0.0201142 0.00468247 0 0.00468247
2.74889 0.0185825 0.0064175 0 0.0064175
2.48709 0.0141967 0.00834129 0 0.00834129
2.2253 0.00452292 0.00648863 0 0.00648863
1.9635 0.00422019 0.00549361 0 0.00549361
1.70169 0.018636 0.00604951 0 0.00604951
1.4399 0.0102462 0.00579209 0 0.00579209
1.17809 0.00467409 0.005704 0 0.005704
0.916292 0.00268517 0.00569417 0 0.00569417
0.654503 0.0105271 0.00588251 0 0.00588251
0.392699 -0.00383261 0.00546026 0 0.00546026
-0.392699 0.0075838 0.00838702 0 0.00838702
-0.654503 0.00169334 0.00555053 0 0.00555053
-0.916292 -0.00187096 0.00543965 0 0.00543965
-1.17809 -0.00548854 0.00551546 0 0.00551546
-1.4399 0.00664267 0.00578444 0 0.00578444
-1.70169 0.00219628 0.00514286 0 0.00514286
-1.96349 -0.000967782 0.00623285 0 0.00623285
-2.22529 0.00489053 0.00561894 0 0.00561894
-2.48709 0.00755025 0.00603482 0 0.00603482
-2.74889 0.00339095 0.0054351 0 0.0054351
-3.01069 0.00338166 0.00501052 0 0.00501052
