3.01069 5830 76.3544 6182 78.6257
2.74889 3136 56 3859 62.1208
2.48709 1661 40.7554 2273 47.676
2.2253 2714 52.0961 3018 54.9363
1.9635 2755 52.4881 3053 55.254
1.70169 1863 43.1625 2119 46.0326
1.4399 1113 33.3617 1307 36.1525
1.17809 2394 48.9285 2581 50.8035
0.916292 2431 49.3052 2525 50.2494
0.654503 1876 43.3128 2037 45.1331
0.392699 2191 46.8081 2485 49.8498
0.130894 417 20.4206 543 23.3024
-0.130894 1690 41.1096 1521 39
-0.392699 573 23.9374 530 23.0217
-0.654503 2296 47.9166 2353 48.5077
-0.916292 2534 50.3389 2614 51.1273
-1.17809 2839 53.2823 2900 53.8516
-1.4399 2162 46.4973 2278 47.7284
-1.70169 2194 46.8402 2401 49
-1.96349 1905 43.6463 1969 44.3734
-2.22529 2508 50.0799 2785 52.7731
-2.48709 2257 47.5079 2219 47.1063
-2.74889 2439 49.3862 2703 51.9904
-3.01069 5680 75.3658 5474 73.9865
