3.01069 0.0156213 0.00685769 0 0.00685769
2.74889 0.0264595 0.00916588 0 0.00916588
2.48709 0.0216044 0.0121643 0 0.0121643
2.2253 0.00423379 0.00813295 0 0.00813295
1.9635 0.00893641 0.00724607 0 0.00724607
1.70169 -0.00331551 0.00781355 0 0.00781355
1.4399 0.00610527 0.0080936 0 0.0080936
1.17809 -0.000132996 0.00748584 0 0.00748584
0.916292 0.00108537 0.00772034 0 0.00772034
0.654503 -0.0018608 0.00722599 0 0.00722599
0.392699 0.00864019 0.00674158 0 0.00674158
-0.392699 0.0104957 0.0110583 0 0.0110583
-0.654503 0.00631753 0.00732825 0 0.00732825
-0.916292 0.00427852 0.00746714 0 0.00746714
-1.17809 -0.00416855 0.00713185 0 0.00713185
-1.4399 0.000780895 0.007767 0 0.007767
-1.70169 -0.00986498 0.00735231 0 0.00735231
-1.96349 0.00790178 0.00803088 0 0.00803088
-2.22529 -0.00787211 0.0072912 0 0.0072912
-2.48709 0.00144636 0.00783028 0 0.00783028
-2.74889 -0.00127591 0.00693908 0 0.00693908
-3.01069 0.0174649 0.00674255 0 0.00674255
