3.01069 0.0340401 0.00786749 0 0.00786749
2.74889 0.041313 0.0103594 0 0.0103594
2.48709 -0.0208428 0.014527 0 0.014527
2.2253 0.0088557 0.00989029 0 0.00989029
1.9635 0.0100165 0.00901334 0 0.00901334
1.70169 0.00577437 0.00934198 0 0.00934198
1.4399 -0.0130942 0.00961342 0 0.00961342
1.17809 0.0213805 0.00931626 0 0.00931626
0.916292 0.0112368 0.00936603 0 0.00936603
0.654503 -0.00662292 0.00891477 0 0.00891477
0.392699 0.0163262 0.00837222 0 0.00837222
-0.392699 0.0146784 0.0142234 0 0.0142234
-0.654503 0.00611552 0.00908967 0 0.00908967
-0.916292 0.0143563 0.00938333 0 0.00938333
-1.17809 0.00392663 0.00901929 0 0.00901929
-1.4399 0.00450931 0.00954059 0 0.00954059
-1.70169 0.0120817 0.00920348 0 0.00920348
-1.96349 0.0151152 0.00985435 0 0.00985435
-2.22529 -0.00249276 0.00882592 0 0.00882592
-2.48709 0.0159985 0.00954628 0 0.00954628
-2.74889 -0.00747755 0.00871086 0 0.00871086
-3.01069 -0.00475796 0.00787822 0 0.00787822
