3.01069 0.0410006 0.00943483 0 0.00943483
2.74889 0.0261595 0.0127783 0 0.0127783
2.48709 0.0404208 0.0176708 0 0.0176708
2.2253 0.011748 0.0136429 0 0.0136429
1.9635 -0.00552562 0.0134258 0 0.0134258
1.70169 0.00239844 0.0163914 0 0.0163914
1.4399 0.0076528 0.0212616 0 0.0212616
1.17809 -0.00552135 0.0144025 0 0.0144025
0.916292 0.0285782 0.0145294 0 0.0145294
0.654503 0.00992579 0.0163949 0 0.0163949
0.392699 0.00844847 0.0151598 0 0.0151598
-0.392699 -0.00215452 0.0294886 0 0.0294886
-0.654503 0.0156817 0.0148608 0 0.0148608
-0.916292 0.00628108 0.0140817 0 0.0140817
-1.17809 0.00432674 0.013291 0 0.013291
-1.4399 0.0170622 0.0153244 0 0.0153244
-1.70169 -0.00230932 0.015069 0 0.015069
-1.96349 -0.00648882 0.0161375 0 0.0161375
-2.22529 -0.00795938 0.0140539 0 0.0140539
-2.48709 0.0312107 0.0150971 0 0.0150971
-2.74889 -0.0226866 0.0141421 0 0.0141421
-3.01069 0.0138012 0.00944011 0 0.00944011
