3.01069 5385 73.3826 5678 75.3525
2.74889 2984 54.626 3510 59.2453
2.48709 1536 39.1918 2236 47.2864
2.2253 2658 51.5558 2924 54.074
1.9635 2793 52.8488 3006 54.827
1.70169 1859 43.1161 2074 45.5412
1.4399 1099 33.1512 1325 36.4005
1.17809 2427 49.2646 2500 50
0.916292 2302 47.9792 2526 50.2593
0.654503 1844 42.9418 2040 45.1664
0.392699 2160 46.4758 2352 48.4974
0.130894 399 19.975 528 22.9783
-0.130894 1563 39.5348 1430 37.8153
-0.392699 577 24.0208 523 22.8692
-0.654503 2231 47.2335 2256 47.4974
-0.916292 2509 50.0899 2663 51.6043
-1.17809 2822 53.1225 2831 53.2071
-1.4399 2095 45.7712 2220 47.1169
-1.70169 2210 47.0106 2298 47.9375
-1.96349 1935 43.9886 1943 44.0795
-2.22529 2555 50.547 2628 51.264
-2.48709 2126 46.1086 2226 47.1805
-2.74889 2559 50.5866 2734 52.2877
-3.01069 5540 74.4312 5377 73.328
