3.01069 12355 111.153 9177 95.7967
2.74889 7045 83.9345 5406 73.5255
2.48709 4971 70.5053 5216 72.2219
2.2253 7585 87.0919 5328 72.9932
1.9635 9109 95.4411 6333 79.5801
1.70169 6901 83.0723 4893 69.95
1.4399 5032 70.9366 3858 62.1128
1.17809 8107 90.0389 5574 74.6592
0.916292 8414 91.7279 6002 77.4726
0.654503 7575 87.0345 5471 73.9662
0.392699 8374 91.5096 6069 77.9038
0.130894 1390 37.2827 1138 33.7343
-0.130894 2601 51 1393 37.3229
-0.392699 2709 52.0481 1772 42.0951
-0.654503 8035 89.6382 5628 75.02
-0.916292 9252 96.1873 6287 79.2906
-1.17809 8918 94.4352 6040 77.7174
-1.4399 7640 87.4071 5293 72.753
-1.70169 8282 91.0055 5792 76.1052
-1.96349 7280 85.3229 5078 71.2601
-2.22529 9154 95.6765 6567 81.037
-2.48709 7888 88.8144 5396 73.4575
-2.74889 9148 95.6452 6404 80.025
-3.01069 11129 105.494 7305 85.4693
