3.01069 10783 103.841 8333 91.2853
2.74889 6097 78.0833 4837 69.5485
2.48709 3446 58.7026 2316 48.1248
2.2253 7582 87.0747 5150 71.7635
1.9635 9596 97.9592 6208 78.7909
1.70169 8153 90.294 5755 75.8617
1.4399 7670 87.5785 5332 73.0205
1.17809 8911 94.3981 5874 76.642
0.916292 8388 91.586 5756 75.8683
0.654503 9547 97.7088 6242 79.0063
0.392699 11083 105.276 7239 85.0823
0.130894 597 24.4336 589 24.2693
-0.130894 1406 37.4967 1205 34.7131
-0.392699 4126 64.2339 2504 50.04
-0.654503 9358 96.7368 6081 77.9808
-0.916292 8995 94.842 5752 75.8419
-1.17809 9778 98.8838 6163 78.5048
-1.4399 8285 91.022 5511 74.2361
-1.70169 9147 95.6399 5966 77.2399
-1.96349 7804 88.3403 5219 72.2426
-2.22529 9320 96.5401 6395 79.9687
-2.48709 8157 90.3161 5566 74.6056
-2.74889 10359 101.779 6532 80.8208
-3.01069 11174 105.707 8008 89.4874
