3.01069 10479 102.367 7805 88.3459
2.74889 5798 76.1446 4465 66.8207
2.48709 3309 57.5239 2421 49.2037
2.2253 7538 86.8217 5073 71.225
1.9635 9451 97.2163 6101 78.1089
1.70169 8229 90.7138 5704 75.5248
1.4399 7597 87.1608 5488 74.081
1.17809 8937 94.5357 5643 75.1199
0.916292 8392 91.6079 5643 75.1199
0.654503 9608 98.0204 6342 79.6367
0.392699 10922 104.508 7025 83.8153
0.130894 584 24.1661 629 25.0799
-0.130894 1324 36.3868 1221 34.9428
-0.392699 4051 63.6475 2438 49.3761
-0.654503 9265 96.2549 6023 77.608
-0.916292 8942 94.5621 5604 74.8599
-1.17809 9886 99.4284 6131 78.3007
-1.4399 8294 91.0714 5476 74
-1.70169 9354 96.7161 5839 76.4133
-1.96349 7702 87.761 5077 71.2531
-2.22529 9493 97.432 6444 80.2745
-2.48709 8155 90.305 5405 73.5187
-2.74889 10413 102.044 6648 81.5353
-3.01069 10819 104.014 8106 90.0333
