3.01069 22375 149.583 16924 130.092
2.74889 11929 109.22 9505 97.4936
2.48709 7093 84.22 5749 75.8222
2.2253 11840 108.812 8762 93.6056
1.9635 16524 128.546 11332 106.452
1.70169 13424 115.862 9434 97.1288
1.4399 14773 121.544 10125 100.623
1.17809 15320 123.774 10233 101.158
0.916292 15404 124.113 10813 103.986
0.654503 14318 119.658 10072 100.359
0.392699 16862 129.854 11641 107.893
0.130894 1822 42.6849 1844 42.9418
-0.130894 2626 51.2445 2194 46.8402
-0.392699 7064 84.0476 4607 67.8749
-0.654503 16228 127.389 10697 103.426
-0.916292 16957 130.219 11216 105.906
-1.17809 16553 128.658 10931 104.551
-1.4399 14867 121.93 10204 101.015
-1.70169 18894 137.455 13067 114.311
-1.96349 12903 113.591 8662 93.0699
-2.22529 15784 125.634 11406 106.799
-2.48709 13646 116.816 9528 97.6115
-2.74889 16896 129.985 11382 106.686
-3.01069 19882 141.004 14620 120.913
