3.01069 12644 112.446 9670 98.3362
2.74889 7547 86.8735 5838 76.4068
2.48709 5043 71.0141 5460 73.8918
2.2253 7595 87.1493 5440 73.7564
1.9635 9158 95.6974 6486 80.5357
1.70169 6873 82.9036 4891 69.9357
1.4399 5030 70.9225 3861 62.1369
1.17809 8069 89.8276 5590 74.7663
0.916292 8597 92.72 6042 77.7303
0.654503 7758 88.0795 5554 74.5252
0.392699 8447 91.9076 6227 78.9113
0.130894 1369 37 1165 34.1321
-0.130894 2666 51.6333 1529 39.1024
-0.392699 2824 53.1413 1832 42.8019
-0.654503 8205 90.5815 5590 74.7663
-0.916292 9424 97.0773 6590 81.1788
-1.17809 9253 96.1925 6228 78.9177
-1.4399 7522 86.7295 5217 72.2288
-1.70169 8465 92.0054 5915 76.909
-1.96349 7390 85.9651 5140 71.6938
-2.22529 9325 96.566 6594 81.2034
-2.48709 8062 89.7886 5513 74.2496
-2.74889 9211 95.974 6434 80.2122
-3.01069 11395 106.747 7604 87.2009
