3.01069 0.00405378 0.0126726 0 0.0126726
2.74889 0.0293393 0.0166476 0 0.0166476
2.48709 -0.00414076 0.0190868 0 0.0190868
2.2253 -0.000880016 0.0130204 0 0.0130204
1.9635 0.0276457 0.0116439 0 0.0116439
1.70169 0.00720698 0.0126098 0 0.0126098
1.4399 0.0101931 0.0118649 0 0.0118649
1.17809 0.00146281 0.0117928 0 0.0117928
0.916292 0.0115941 0.0120266 0 0.0120266
0.654503 -0.0094158 0.0111105 0 0.0111105
0.392699 -0.00725908 0.01049 0 0.01049
-0.392699 0.0283498 0.017824 0 0.017824
-0.654503 0.0137012 0.011996 0 0.011996
-0.916292 -0.0094429 0.0126765 0 0.0126765
-1.17809 0.0148981 0.0113692 0 0.0113692
-1.4399 0.00650684 0.0131442 0 0.0131442
-1.70169 -0.00289313 0.0122724 0 0.0122724
-1.96349 -0.0124093 0.0133543 0 0.0133543
-2.22529 -0.000943827 0.0115497 0 0.0115497
-2.48709 0.0060306 0.011943 0 0.011943
-2.74889 -0.00698929 0.0110569 0 0.0110569
-3.01069 0.000240033 0.0116393 0 0.0116393
