3.01069 0.00925023 0.0144423 0 0.0144423
2.74889 0.0305623 0.0197352 0 0.0197352
2.48709 -0.00735522 0.021958 0 0.021958
2.2253 0.00869597 0.0162259 0 0.0162259
1.9635 0.00405655 0.014499 0 0.014499
1.70169 0.0058671 0.0150721 0 0.0150721
1.4399 -0.00924195 0.0143932 0 0.0143932
1.17809 0.00111641 0.0143996 0 0.0143996
0.916292 -0.0287445 0.0147023 0 0.0147023
0.654503 -0.0102655 0.014015 0 0.014015
0.392699 -0.0102757 0.0132568 0 0.0132568
-0.392699 -0.00510875 0.0222443 0 0.0222443
-0.654503 0.0103753 0.0146798 0 0.0146798
-0.916292 -0.00252735 0.0160234 0 0.0160234
-1.17809 0.0169892 0.0147485 0 0.0147485
-1.4399 -0.0140849 0.0160242 0 0.0160242
-1.70169 0.0241582 0.0150318 0 0.0150318
-1.96349 -0.0058035 0.0165568 0 0.0165568
-2.22529 -0.0190605 0.0141346 0 0.0141346
-2.48709 0.0128779 0.0147639 0 0.0147639
-2.74889 -0.0278943 0.0139518 0 0.0139518
-3.01069 -0.000561427 0.0130916 0 0.0130916
