3.01069 23232 152.42 17772 133.312
2.74889 12348 111.122 9848 99.2371
2.48709 7278 85.3112 5896 76.7854
2.2253 11916 109.16 8937 94.5357
1.9635 16620 128.919 11594 107.675
1.70169 13897 117.886 9569 97.8213
1.4399 15039 122.634 10522 102.577
1.17809 15423 124.189 10368 101.823
0.916292 15446 124.282 10886 104.336
0.654503 14584 120.764 10263 101.306
0.392699 16689 129.186 11962 109.371
0.130894 1922 43.8406 1794 42.3556
-0.130894 2565 50.6458 2325 48.2183
-0.392699 7153 84.5754 4681 68.4178
-0.654503 16240 127.436 10960 104.69
-0.916292 16849 129.804 11334 106.461
-1.17809 16329 127.785 11003 104.895
-1.4399 15026 122.581 10263 101.306
-1.70169 18927 137.575 13207 114.922
-1.96349 12844 113.331 8909 94.3875
-2.22529 15897 126.083 11598 107.694
-2.48709 13817 117.546 9748 98.732
-2.74889 16966 130.254 11487 107.177
-3.01069 19964 141.294 14850 121.861
