3.01069 3105 55.7225 2378 48.7647
2.74889 1752 41.8569 1245 35.2846
2.48709 1380 37.1484 1046 32.3419
2.2253 2956 54.3691 1885 43.4166
1.9635 3588 59.8999 2372 48.7032
1.70169 3126 55.9106 2191 46.8081
1.4399 3520 59.3296 2439 49.3862
1.17809 3595 59.9583 2412 49.1121
0.916292 3421 58.4893 2381 48.7955
0.654503 4094 63.9844 2575 50.7445
0.392699 4583 67.6979 2878 53.647
0.130894 150 12.2474 180 13.4164
-0.130894 538 23.1948 376 19.3907
-0.392699 1530 39.1152 1017 31.8904
-0.654503 3431 58.5747 2299 47.9479
-0.916292 3145 56.0803 1955 44.2154
-1.17809 3815 61.7657 2262 47.5605
-1.4399 2879 53.6563 1977 44.4635
-1.70169 3334 57.7408 2161 46.4866
-1.96349 2842 53.3104 1837 42.8602
-2.22529 3757 61.2944 2553 50.5272
-2.48709 3489 59.0678 2267 47.613
-2.74889 4124 64.2184 2642 51.4004
-3.01069 3695 60.7865 2923 54.0648
