-3.01069 2424954 2422152
-2.74889 2898167 2894293
-2.48709 2612375 2606466
-2.2253 1717794 1716565
-1.9635 2060201 2057477
-1.7017 2860579 2860449
-1.4399 2325447 2327795
-1.17809 1376690 1373690
-0.916293 1983697 1980895
-0.654504 2479216 2472717
-0.392699 2160815 2152197
-0.130894 1683093 1679084
0.130894 2306310 2298980
0.392699 3288031 3280586
0.654504 2860630 2856565
0.916293 1654835 1646885
1.17809 1905341 1895331
1.4399 2404731 2395348
1.7017 2269607 2262858
1.9635 1587065 1583802
2.2253 1907545 1905925
2.48709 2702821 2697283
2.74889 2962731 2959169
3.01069 2011788 2013013
