-3.01069 282531 282984
-2.74889 266339 266670
-2.48709 261371 261963
-2.2253 306804 307571
-1.9635 258276 257952
-1.7017 306662 307401
-1.4399 240754 240370
-1.17809 257863 256635
-0.916293 255010 254064
-0.654504 227841 227051
-0.392699 164255 163648
-0.130894 101234 100591
0.130894 90509 89676
0.392699 292598 288574
0.654504 261344 259176
0.916293 245409 245430
1.17809 239751 237796
1.4399 233566 232865
1.7017 224058 223631
1.9635 266966 265188
2.2253 230011 230927
2.48709 168950 169908
2.74889 209360 210715
3.01069 272049 274309
