3.01069 2062394 2063295
2.74889 3032380 3037300
2.48709 2763679 2771851
2.2253 1950039 1958062
1.9635 1623794 1626344
1.7017 2319415 2325211
1.4399 2456964 2462772
1.17809 1944562 1951314
0.916293 1689496 1694026
0.654504 2925502 2933394
0.392699 3363163 3368965
0.130894 2356568 2363335
-0.130894 1719653 1726320
-0.392699 2206125 2214666
-0.654504 2535334 2538559
-0.916293 2029895 2033518
-1.17809 1408418 1411066
-1.4399 2381102 2389982
-1.7017 2927123 2936826
-1.9635 2106883 2112515
-2.2253 1756873 1762979
-2.48709 2670954 2679383
-2.74889 2964486 2973854
-3.01069 2482352 2487425
