3.01069 272935 273420
2.74889 210466 209609
2.48709 169156 169705
2.2253 229176 231759
1.9635 264870 267284
1.7017 223986 223706
1.4399 232509 233919
1.17809 238874 238673
0.916293 245151 245688
0.654504 260821 259699
0.392699 289979 291193
0.130894 90216 89974
-0.130894 100766 101054
-0.392699 164032 163871
-0.654504 227347 227550
-0.916293 254709 254360
-1.17809 256858 257640
-1.4399 240596 240528
-1.7017 307861 306202
-1.9635 258287 257941
-2.2253 306915 307463
-2.48709 260777 262554
-2.74889 265869 267140
-3.01069 282614 282901
