-3.01069 22471 149.903 14644 121.012
-2.74889 18451 135.834 11711 108.217
-2.48709 16066 126.752 9822 99.106
-2.22529 17810 133.454 12126 110.118
-1.96349 14153 118.966 8962 94.6678
-1.70169 17833 133.54 11530 107.378
-1.4399 15785 125.638 9992 99.96
-1.17809 17990 134.127 11274 106.179
-0.916292 18628 136.484 11938 109.261
-0.654503 16792 129.584 10538 102.655
-0.392699 6351 79.6932 3302 57.463
-0.130894 4719 68.695 2482 49.8197
0.130894 2609 51.0784 1997 44.6878
0.392699 16511 128.495 10925 104.523
0.654503 15049 122.674 9991 99.955
0.916292 17019 130.457 11057 105.152
1.17809 16172 127.169 10516 102.548
1.4399 11871 108.954 7795 88.2893
1.70169 14348 119.783 9017 94.9579
1.9635 17892 133.761 11694 108.139
2.2253 14329 119.704 9676 98.3667
2.48709 9395 96.9278 8551 92.4716
2.74889 14342 119.758 10185 100.921
3.01069 25499 159.684 17480 132.212
