-3.01069 22971 151.562 15134 123.02
-2.74889 18646 136.55 12158 110.263
-2.48709 15899 126.091 10109 100.544
-2.22529 17553 132.488 12100 110
-1.96349 14356 119.817 9084 95.31
-1.70169 18092 134.507 11697 108.153
-1.4399 15679 125.216 10000 100
-1.17809 18419 135.717 11583 107.624
-0.916292 18737 136.883 12203 110.467
-0.654503 17251 131.343 10763 103.745
-0.392699 6340 79.6241 3364 58
-0.130894 4986 70.6116 2663 51.6043
0.130894 2681 51.7784 2044 45.2106
0.392699 16994 130.361 11562 107.527
0.654503 15653 125.112 10222 101.104
0.916292 17317 131.594 11357 106.569
1.17809 16627 128.946 10791 103.88
1.4399 12383 111.279 8080 89.8888
1.70169 14377 119.904 9085 95.3153
1.9635 18456 135.853 12116 110.073
2.2253 14453 120.221 9844 99.2169
2.48709 9542 97.6832 8633 92.9139
2.74889 14926 122.172 10647 103.184
3.01069 26740 163.524 18269 135.163
