-3.01069 25009 158.142 13787 117.418
-2.74889 21639 147.102 10436 102.157
-2.48709 17123 130.855 8627 92.8816
-2.22529 20142 141.923 10970 104.738
-1.96349 16688 129.182 8120 90.111
-1.70169 22201 149 10774 103.798
-1.4399 18339 135.422 9191 95.8697
-1.17809 20888 144.527 10005 100.025
-0.916292 19610 140.036 9770 98.8433
-0.654503 20182 142.063 9900 99.4987
-0.392699 9388 96.8917 3867 62.1852
-0.130894 3269 57.1752 1923 43.852
0.130894 1792 42.332 1222 34.9571
0.392699 22921 151.397 11451 107.009
0.654503 19201 138.568 9869 99.3428
0.916292 18303 135.289 9442 97.17
1.17809 19023 137.924 9229 96.0677
1.4399 18467 135.893 8983 94.7787
1.70169 17650 132.853 8826 93.9468
1.9635 20741 144.017 10001 100.005
2.2253 15698 125.292 8375 91.515
2.48709 8030 89.6103 4328 65.7875
2.74889 14558 120.657 7631 87.3556
3.01069 26443 162.613 13811 117.52
