-3.01069 4176 64.622 2454 49.5379
-2.74889 4536 67.3498 2076 45.5631
-2.48709 3966 62.9762 1772 42.0951
-2.22529 4145 64.3817 2093 45.7493
-1.96349 3203 56.5951 1381 37.1618
-1.70169 3708 60.8933 1696 41.1825
-1.4399 3252 57.0263 1528 39.0896
-1.17809 4381 66.1891 1874 43.2897
-0.916292 3487 59.0508 1607 40.0874
-0.654503 3889 62.3618 1931 43.9431
-0.392699 1842 42.9185 730 27.0185
-0.130894 617 24.8395 323 17.9722
0.130894 201 14.1774 126 11.225
0.392699 4987 70.6187 2402 49.0102
0.654503 4526 67.2756 2095 45.7712
0.916292 3826 61.8547 1946 44.1135
1.17809 4124 64.2184 1990 44.6094
1.4399 3981 63.0952 1912 43.7264
1.70169 3635 60.291 1714 41.4005
1.9635 4126 64.2339 1875 43.3013
2.2253 3365 58.0086 1557 39.4588
2.48709 1550 39.37 816 28.5657
2.74889 2117 46.0109 1043 32.2955
3.01069 3612 60.0999 1881 43.3705
