-3.01069 25397 159.364 13893 117.869
-2.74889 21823 147.726 10646 103.179
-2.48709 17389 131.867 8708 93.3167
-2.22529 20496 143.164 10908 104.441
-1.96349 16778 129.53 8116 90.0888
-1.70169 22596 150.32 11129 105.494
-1.4399 18673 136.649 9116 95.4777
-1.17809 21108 145.286 10240 101.193
-0.916292 20184 142.07 10078 100.389
-0.654503 20230 142.232 10066 100.329
-0.392699 9567 97.811 3887 62.3458
-0.130894 3387 58.1979 1946 44.1135
0.130894 1877 43.3244 1243 35.2562
0.392699 23276 152.565 11982 109.462
0.654503 19727 140.453 10151 100.752
0.916292 19045 138.004 9812 99.0555
1.17809 19738 140.492 9472 97.3242
1.4399 18471 135.908 9284 96.3535
1.70169 18018 134.231 8825 93.9415
1.9635 21262 145.815 10299 101.484
2.2253 15798 125.69 8641 92.957
2.48709 8108 90.0444 4469 66.8506
2.74889 14888 122.016 8081 89.8944
3.01069 27094 164.603 14325 119.687
