-3.01069 21977 148.246 11837 108.798
-2.74889 18576 136.294 9143 95.619
-2.48709 15330 123.814 7756 88.0682
-2.22529 17485 132.231 9573 97.8417
-1.96349 14199 119.16 7080 84.1427
-1.70169 20743 144.024 10592 102.917
-1.4399 16487 128.402 8267 90.923
-1.17809 17890 133.754 8805 93.835
-0.916292 18244 135.07 9259 96.2237
-0.654503 17882 133.724 8731 93.4398
-0.392699 7902 88.8932 3551 59.5903
-0.130894 2978 54.5711 1745 41.7732
0.130894 2110 45.9347 1485 38.5357
0.392699 18254 135.107 9522 97.5807
0.654503 15600 124.9 8282 91.0055
0.916292 16917 130.065 8784 93.723
1.17809 16752 129.43 8373 91.5041
1.4399 16379 127.98 8139 90.2164
1.70169 15151 123.089 7599 87.1722
1.9635 18021 134.242 9225 96.0469
2.2253 12971 113.89 7298 85.4283
2.48709 8016 89.5321 4724 68.7314
2.74889 13449 115.97 7621 87.2983
3.01069 25389 159.339 13587 116.563
