-3.01069 0.0188383 0.00643418 0 0.00643418
-2.74889 0.0199412 0.00731655 0 0.00731655
-2.48709 0.00858339 0.0079909 0 0.0079909
-2.22529 0.00181849 0.00721752 0 0.00721752
-1.96349 -0.00489332 0.00842043 0 0.00842043
-1.70169 0.012419 0.0068246 0 0.0068246
-1.4399 0.00358156 0.00775974 0 0.00775974
-1.17809 0.0161408 0.00747057 0 0.00747057
-0.916292 0.0107997 0.0073054 0 0.0073054
-0.654503 0.0109452 0.00752244 0 0.00752244
-0.392699 -0.00226286 0.011874 0 0.011874
0.392699 0.0246398 0.00715155 0 0.00715155
0.654503 0.0121727 0.00771874 0 0.00771874
0.916292 0.013811 0.0074886 0 0.0074886
1.17809 0.00858733 0.00769087 0 0.00769087
1.4399 0.023692 0.00773916 0 0.00773916
1.70169 0.00208897 0.00809966 0 0.00809966
1.9635 0.0152686 0.00730189 0 0.00730189
2.2253 0.00729522 0.00824322 0 0.00824322
2.48709 0.0115479 0.0102232 0 0.0102232
2.74889 0.0210148 0.00800923 0 0.00800923
3.01069 0.0146193 0.00601896 0 0.00601896
