-3.01069 0.0110928 0.00871885 0 0.00871885
-2.74889 0.0213196 0.00942706 0 0.00942706
-2.48709 0.0144854 0.0102962 0 0.0102962
-2.22529 -0.0016839 0.00928684 0 0.00928684
-1.96349 0.00463158 0.0106075 0 0.0106075
-1.70169 0.0109863 0.0098691 0 0.0098691
-1.4399 0.00423477 0.0104375 0 0.0104375
-1.17809 0.00423087 0.00965968 0 0.00965968
-0.916292 0.00920745 0.00941865 0 0.00941865
-0.654503 0.0146937 0.0101254 0 0.0101254
-0.392699 0.0280805 0.0183801 0 0.0183801
0.392699 0.0323899 0.00962538 0 0.00962538
0.654503 0.0185241 0.0102152 0 0.0102152
0.916292 0.0202348 0.009712 0 0.009712
1.17809 0.00341129 0.0101221 0 0.0101221
1.4399 0.0134861 0.0121549 0 0.0121549
1.70169 0.00137791 0.0108906 0 0.0108906
1.9635 -0.000277165 0.00946652 0 0.00946652
2.2253 0.000717953 0.0103444 0 0.0103444
2.48709 0.000870889 0.0101791 0 0.0101791
2.74889 0.0252606 0.0101047 0 0.0101047
3.01069 0.0337147 0.00776567 0 0.00776567
