-3.01069 0.00980863 0.00474476 0 0.00474476
-2.74889 0.000188912 0.00518593 0 0.00518593
-2.48709 -0.0112746 0.00574067 0 0.00574067
-2.22529 -0.00619677 0.00536214 0 0.00536214
-1.96349 -0.00120534 0.00593551 0 0.00593551
-1.70169 0.0022735 0.00490255 0 0.00490255
-1.4399 0.00233087 0.00549866 0 0.00549866
-1.17809 0.00978851 0.00525876 0 0.00525876
-0.916292 0.00971563 0.00520768 0 0.00520768
-0.654503 -0.00253424 0.00529275 0 0.00529275
-0.392699 0.0102674 0.0079099 0 0.0079099
0.392699 0.0102457 0.00520484 0 0.00520484
0.654503 0.0144685 0.00561775 0 0.00561775
0.916292 0.00698118 0.00541558 0 0.00541558
1.17809 0.00852537 0.00543791 0 0.00543791
1.4399 0.00832077 0.0055 0 0.0055
1.70169 0.000949273 0.00573988 0 0.00573988
1.9635 0.012878 0.00523125 0 0.00523125
2.2253 0.00972188 0.00617581 0 0.00617581
2.48709 0.00124647 0.00788954 0 0.00788954
2.74889 0.0207551 0.00603026 0 0.00603026
3.01069 0.0178269 0.00439621 0 0.00439621
