-3.01069 -0.0152616 0.00859744 0 0.00859744
-2.74889 -0.0075227 0.00958941 0 0.00958941
-2.48709 0.0119845 0.010532 0 0.010532
-2.22529 -0.00155008 0.00962742 0 0.00962742
-1.96349 0.00738326 0.0109398 0 0.0109398
-1.70169 0.00516919 0.010221 0 0.010221
-1.4399 0.00467583 0.0105442 0 0.0105442
-1.17809 0.00482284 0.00992966 0 0.00992966
-0.916292 0.0147559 0.0102463 0 0.0102463
-0.654503 0.00128932 0.00996417 0 0.00996417
-0.392699 -0.00257212 0.0162181 0 0.0162181
0.392699 0.0200474 0.00922847 0 0.00922847
0.654503 0.00773637 0.00974164 0 0.00974164
0.916292 0.0143941 0.0103012 0 0.0103012
1.17809 0.0311219 0.010274 0 0.010274
1.4399 0.00796399 0.0106487 0 0.0106487
1.70169 0.00296195 0.0103405 0 0.0103405
1.9635 0.0110543 0.00993756 0 0.00993756
2.2253 0.0201791 0.0107842 0 0.0107842
2.48709 0.00844244 0.0159697 0 0.0159697
2.74889 0.0419025 0.0114616 0 0.0114616
3.01069 0.0278912 0.00865906 0 0.00865906
