-3.01069 0.0071911 0.0094326 0 0.0094326
-2.74889 -0.00696769 0.014111 0 0.014111
-2.48709 0.0158092 0.0150674 0 0.0150674
-2.22529 -0.00512866 0.0140318 0 0.0140318
-1.96349 -0.00462282 0.0160998 0 0.0160998
-1.70169 0.000137467 0.0150434 0 0.0150434
-1.4399 0.0055634 0.0153035 0 0.0153035
-1.17809 -0.0120874 0.013269 0 0.013269
-0.916292 0.016377 0.0140484 0 0.0140484
-0.654503 0.0199269 0.0148373 0 0.0148373
-0.392699 0.0484446 0.029417 0 0.029417
0.392699 0.0358578 0.0151201 0 0.0151201
0.654503 0.0110479 0.0163578 0 0.0163578
0.916292 0.0175248 0.0145048 0 0.0145048
1.17809 0.0296107 0.0143744 0 0.0143744
1.4399 0.0255952 0.0212224 0 0.0212224
1.70169 0.0099716 0.0163536 0 0.0163536
1.9635 0.0108724 0.0134083 0 0.0134083
2.2253 -0.00841785 0.0136232 0 0.0136232
2.48709 0.00741989 0.0176528 0 0.0176528
2.74889 0.0475425 0.0127485 0 0.0127485
3.01069 0.00416248 0.00942937 0 0.00942937
