-3.01069 4080 63.8749 2476 49.7594
-2.74889 4447 66.6858 2113 45.9674
-2.48709 3882 62.3057 1819 42.6497
-2.22529 4100 64.0312 2112 45.9565
-1.96349 3179 56.3826 1411 37.5633
-1.70169 3674 60.6135 1768 42.0476
-1.4399 3190 56.4801 1560 39.4968
-1.17809 4298 65.5591 1911 43.715
-0.916292 3463 58.8473 1602 40.025
-0.654503 3841 61.9758 1962 44.2945
-0.392699 1763 41.9881 782 27.9643
-0.130894 600 24.4949 328 18.1108
0.130894 188 13.7113 136 11.6619
0.392699 4920 70.1427 2408 49.0714
0.654503 4468 66.8431 2102 45.8476
0.916292 3766 61.3677 1985 44.5533
1.17809 4033 63.5059 2045 45.2217
1.4399 3920 62.6099 1974 44.4297
1.70169 3553 59.607 1791 42.3202
1.9635 4045 63.6003 1905 43.6463
2.2253 3341 57.8014 1602 40.025
2.48709 1537 39.2046 840 28.9828
2.74889 2040 45.1664 1080 32.8634
3.01069 3488 59.0593 1929 43.9204
