-3.01069 12225 110.567 6667 81.6517
-2.74889 11454 107.023 5402 73.4983
-2.48709 9182 95.8228 4566 67.5722
-2.22529 10468 102.313 5392 73.4302
-1.96349 8653 93.0215 4213 64.9076
-1.70169 10327 101.622 4816 69.3974
-1.4399 9232 96.0833 4523 67.2533
-1.17809 10755 103.706 5101 71.4213
-0.916292 9844 99.2169 4837 69.5485
-0.654503 10390 101.931 5048 71.0493
-0.392699 4611 67.9043 1898 43.566
-0.130894 1593 39.9124 991 31.4802
0.130894 702 26.4953 500 22.3607
0.392699 12135 110.159 5993 77.4145
0.654503 10507 102.504 5315 72.904
0.916292 9511 97.5244 4784 69.1665
1.17809 10087 100.434 4885 69.8928
1.4399 8520 92.3038 4449 66.7008
1.70169 9268 96.2705 4695 68.5201
1.9635 10546 102.694 5124 71.5821
2.2253 8373 91.5041 4389 66.2495
2.48709 3769 61.3922 1979 44.486
2.74889 6815 82.553 3963 62.9524
3.01069 12117 110.077 6857 82.807
