-3.01069 5574 74.6592 5275 72.6292
-2.74889 2526 50.2593 2636 51.342
-2.48709 2165 46.5296 2171 46.594
-2.22529 2550 50.4975 2662 51.5946
-1.96349 1936 44 1839 42.8836
-1.70169 2207 46.9787 2321 48.1768
-1.4399 2121 46.0543 2214 47.0532
-1.17809 2871 53.5817 2782 52.7447
-0.916292 2489 49.8899 2534 50.3389
-0.654503 2223 47.1487 2233 47.2546
-0.392699 548 23.4094 515 22.6936
-0.130894 1535 39.1791 1392 37.3095
0.130894 382 19.5448 482 21.9545
0.392699 2104 45.8694 2292 47.8748
0.654503 1846 42.9651 1957 44.238
0.916292 2332 48.2908 2488 49.8799
1.17809 2344 48.4149 2404 49.0306
1.4399 1080 32.8634 1260 35.4965
1.70169 1849 43 2064 45.4313
1.9635 2748 52.4214 2893 53.7866
2.2253 2714 52.0961 2805 52.9623
2.48709 1591 39.8873 2177 46.6583
2.74889 2921 54.0463 3484 59.0254
3.01069 5595 74.7997 5811 76.2299
