-3.01069 22457 149.857 12316 110.977
-2.74889 18620 136.455 9534 97.6422
-2.48709 15018 122.548 7906 88.9157
-2.22529 17304 131.545 9627 98.1173
-1.96349 14193 119.134 7025 83.8153
-1.70169 20879 144.496 10880 104.307
-1.4399 16597 128.829 8343 91.34
-1.17809 18280 135.204 9112 95.4568
-0.916292 18639 136.525 9480 97.3653
-0.654503 17827 133.518 8942 94.5621
-0.392699 8082 89.8999 3542 59.5147
-0.130894 3157 56.1872 1733 41.6293
0.130894 2201 46.9148 1470 38.3406
0.392699 18669 136.635 10023 100.115
0.654503 16090 126.846 8503 92.2117
0.916292 17189 131.107 9048 95.121
1.17809 17074 130.668 8535 92.3851
1.4399 16687 129.178 8551 92.4716
1.70169 15210 123.329 7646 87.4414
1.9635 18528 136.118 9530 97.6217
2.2253 13252 115.117 7420 86.1394
2.48709 8052 89.7329 4844 69.5989
2.74889 14047 118.52 7964 89.2412
3.01069 26363 162.367 14018 118.398
