-3.01069 -0.00429191 0.0110522 0 0.0110522
-2.74889 -0.0113422 0.0105482 0 0.0105482
-2.48709 -0.00560937 0.0113229 0 0.0113229
-2.22529 -0.00476024 0.0110226 0 0.0110226
-1.96349 0.0244905 0.0126969 0 0.0126969
-1.70169 -0.000721754 0.0116678 0 0.0116678
-1.4399 -0.00567417 0.0124903 0 0.0124903
-1.17809 0.016164 0.0108771 0 0.0108771
-0.916292 0.0218982 0.0121505 0 0.0121505
-0.654503 0.000439962 0.011418 0 0.011418
-0.392699 -0.00803423 0.0167809 0 0.0167809
0.392699 -0.0102569 0.010034 0 0.010034
0.654503 0.00940862 0.0106335 0 0.0106335
0.916292 -0.006933 0.0114882 0 0.0114882
1.17809 0.0143637 0.0112191 0 0.0112191
1.4399 -0.00505903 0.0112711 0 0.0112711
1.70169 0.00996071 0.0119275 0 0.0119275
1.9635 -0.00872116 0.0110748 0 0.0110748
2.2253 0.0215007 0.012368 0 0.012368
2.48709 -0.00584992 0.0179923 0 0.0179923
2.74889 0.00691118 0.0157174 0 0.0157174
3.01069 -0.00428018 0.0119534 0 0.0119534
