-3.01069 0.00764001 0.00653831 0 0.00653831
-2.74889 0.0119185 0.00723047 0 0.00723047
-2.48709 -0.00303556 0.00774945 0 0.00774945
-2.22529 -0.00849395 0.0072172 0 0.0072172
-1.96349 0.00816477 0.00808859 0 0.00808859
-1.70169 0.0144651 0.00758069 0 0.00758069
-1.4399 -0.0116228 0.00795401 0 0.00795401
-1.17809 0.0137502 0.00726956 0 0.00726956
-0.916292 0.011555 0.0071717 0 0.0071717
-0.654503 0.0184846 0.0076822 0 0.0076822
-0.392699 -0.00988281 0.013074 0 0.013074
0.392699 0.0157252 0.00755369 0 0.00755369
0.654503 0.0260067 0.00789469 0 0.00789469
0.916292 0.0118977 0.0075196 0 0.0075196
1.17809 0.0184094 0.00770246 0 0.00770246
1.4399 0.00916463 0.00974386 0 0.00974386
1.70169 0.00505062 0.00833585 0 0.00833585
1.9635 0.0213288 0.00723792 0 0.00723792
2.2253 -0.000489852 0.00793909 0 0.00793909
2.48709 0.0116187 0.00973809 0 0.00973809
2.74889 0.0105259 0.00809055 0 0.00809055
3.01069 0.0243492 0.0061863 0 0.0061863
