-3.01069 0.0136695 0.00966391 0 0.00966391
-2.74889 0.00821486 0.0137089 0 0.0137089
-2.48709 0.00473077 0.0151326 0 0.0151326
-2.22529 -0.000806218 0.0137041 0 0.0137041
-1.96349 0.0344124 0.0161857 0 0.0161857
-1.70169 -0.00640875 0.014717 0 0.014717
-1.4399 -0.00280396 0.0150416 0 0.0150416
-1.17809 0.00614379 0.0133585 0 0.0133585
-0.916292 0.0183562 0.0139086 0 0.0139086
-0.654503 0.0107344 0.0148754 0 0.0148754
-0.392699 -0.00489263 0.0312192 0 0.0312192
0.392699 0.0327339 0.0145117 0 0.0145117
0.654503 0.0185454 0.0158251 0 0.0158251
0.916292 -0.00685611 0.0142176 0 0.0142176
1.17809 0.0343202 0.0141573 0 0.0141573
1.4399 0.02903 0.0196117 0 0.0196117
1.70169 -0.00342237 0.0155834 0 0.0155834
1.9635 0.0260792 0.0129636 0 0.0129636
2.2253 0.0372382 0.0130852 0 0.0130852
2.48709 0.0192584 0.0149986 0 0.0149986
2.74889 0.037904 0.0117368 0 0.0117368
3.01069 0.00626665 0.00924262 0 0.00924262
