-3.01069 4107 64.0859 2467 49.6689
-2.74889 4540 67.3795 2106 45.8912
-2.48709 3918 62.5939 1852 43.0349
-2.22529 4131 64.2729 2066 45.4533
-1.96349 3021 54.9636 1511 38.8716
-1.70169 3672 60.597 1815 42.6028
-1.4399 3220 56.745 1633 40.4104
-1.17809 4153 64.4438 1824 42.7083
-0.916292 3308 57.5152 1618 40.2244
-0.654503 3830 61.887 1898 43.566
-0.392699 1788 42.2847 745 27.2947
-0.130894 577 24.0208 304 17.4356
0.130894 208 14.4222 132 11.4891
0.392699 5012 70.7955 2257 47.5079
0.654503 4376 66.1513 2083 45.6399
0.916292 3811 61.7333 1840 42.8952
1.17809 3911 62.538 1889 43.4626
1.4399 3952 62.8649 1953 44.1928
1.70169 3476 58.9576 1775 42.1307
1.9635 4108 64.0937 1950 44.1588
2.2253 3194 56.5155 1473 38.3797
2.48709 1552 39.3954 860 29.3258
2.74889 2008 44.8107 1016 31.8748
3.01069 3511 59.2537 2016 44.8999
