-3.01069 0.000826747 0.0142238 0 0.0142238
-2.74889 0.000665151 0.0153959 0 0.0153959
-2.48709 -0.0099833 0.016504 0 0.016504
-2.22529 0.0100162 0.0154706 0 0.0154706
-1.96349 -0.0352159 0.0184876 0 0.0184876
-1.70169 -0.0141113 0.0167045 0 0.0167045
-1.4399 -0.023856 0.0176918 0 0.0176918
-1.17809 0.0222997 0.0163593 0 0.0163593
-0.916292 -0.00596293 0.0176225 0 0.0176225
-0.654503 0.0155866 0.0160942 0 0.0160942
-0.392699 0.0232371 0.0255845 0 0.0255845
0.392699 0.0313757 0.0146347 0 0.0146347
0.654503 0.00354603 0.0154582 0 0.0154582
0.916292 0.0369159 0.0161589 0 0.0161589
1.17809 0.0386618 0.0159325 0 0.0159325
1.4399 0.00435361 0.0159579 0 0.0159579
1.70169 0.00349282 0.0167462 0 0.0167462
1.9635 -0.012667 0.0161048 0 0.0161048
2.2253 0.0409589 0.0180193 0 0.0180193
2.48709 -0.0127586 0.0242515 0 0.0242515
2.74889 0.0295412 0.021834 0 0.021834
3.01069 -0.0230467 0.0159169 0 0.0159169
