-3.01069 12258 110.716 6860 82.8251
-2.74889 11275 106.184 5473 73.9797
-2.48709 8828 93.9574 4449 66.7008
-2.22529 10213 101.059 5398 73.4711
-1.96349 8492 92.152 4143 64.3661
-1.70169 10071 100.354 4757 68.971
-1.4399 9064 95.205 4472 66.873
-1.17809 10727 103.571 5042 71.007
-0.916292 9685 98.4124 4687 68.4617
-0.654503 10049 100.245 5025 70.8872
-0.392699 4571 67.6092 1904 43.6348
-0.130894 1556 39.4462 1015 31.8591
0.130894 695 26.3629 510 22.5832
0.392699 11996 109.526 5746 75.8024
0.654503 10390 101.931 5223 72.2703
0.916292 8990 94.8156 4639 68.1102
1.17809 9567 97.811 4581 67.6831
1.4399 8535 92.3851 4370 66.106
1.70169 9067 95.2208 4658 68.2495
1.9635 10435 102.152 5002 70.7248
2.2253 8271 90.945 4207 64.8614
2.48709 3768 61.384 1942 44.0681
2.74889 6809 82.5167 3637 60.3075
3.01069 11901 109.092 6472 80.4487
