-3.01069 11597 107.689 6498 80.6102
-2.74889 9441 97.1648 5499 74.1552
-2.48709 8344 91.3455 4643 68.1396
-2.22529 9672 98.3463 5802 76.1709
-1.96349 7573 87.023 4419 66.4756
-1.70169 8566 92.5527 5072 71.218
-1.4399 7987 89.37 4566 67.5722
-1.17809 9322 96.5505 5331 73.0137
-0.916292 9600 97.9796 5579 74.6927
-0.654503 8306 91.1373 4800 69.282
-0.392699 2951 54.3231 1436 37.8946
-0.130894 2713 52.0865 1126 33.5559
0.130894 1446 38.0263 975 31.225
0.392699 8616 92.8224 5212 72.1942
0.654503 7802 88.3289 4697 68.5347
0.916292 8729 93.4291 5187 72.0208
1.17809 8263 90.901 4859 69.7065
1.4399 5213 72.2011 3335 57.7495
1.70169 7153 84.5754 4206 64.8537
1.9635 9329 96.5867 5576 74.6726
2.2253 7930 89.0505 4665 68.3008
2.48709 5206 72.1526 4817 69.4046
2.74889 7551 86.8965 4766 69.0362
3.01069 12730 112.827 7996 89.4204
