-3.01069 5666 75.2728 5432 73.7021
-2.74889 2496 49.96 2685 51.817
-2.48709 2239 47.3181 2196 46.8615
-2.22529 2529 50.2892 2663 51.6043
-1.96349 1922 43.8406 1974 44.4297
-1.70169 2212 47.0319 2296 47.9166
-1.4399 2149 46.3573 2206 46.9681
-1.17809 2808 52.9906 2822 53.1225
-0.916292 2577 50.7642 2634 51.3225
-0.654503 2318 48.1456 2286 47.8121
-0.392699 605 24.5967 511 22.6053
-0.130894 1726 41.5452 1490 38.6005
0.130894 438 20.9284 563 23.7276
0.392699 2265 47.592 2452 49.5177
0.654503 1891 43.4856 2035 45.111
0.916292 2420 49.1935 2459 49.5883
1.17809 2492 49.9199 2580 50.7937
1.4399 1139 33.7491 1338 36.5787
1.70169 1890 43.4741 2054 45.3211
1.9635 2814 53.0471 3054 55.263
2.2253 2674 51.7107 3028 55.0273
2.48709 1618 40.2244 2267 47.613
2.74889 3219 56.7362 3766 61.3677
3.01069 5653 75.1864 5896 76.7854
