-3.01069 -0.00234188 0.00639169 0 0.00639169
-2.74889 0.00688144 0.00663358 0 0.00663358
-2.48709 0.0186621 0.00745095 0 0.00745095
-2.22529 0.0113363 0.00695395 0 0.00695395
-1.96349 0.00839656 0.00763755 0 0.00763755
-1.70169 0.0115564 0.00700201 0 0.00700201
-1.4399 0.0081884 0.00739346 0 0.00739346
-1.17809 0.000309406 0.00682346 0 0.00682346
-0.916292 0.00714778 0.00715634 0 0.00715634
-0.654503 0.01569 0.00699463 0 0.00699463
-0.392699 0.00336235 0.0104364 0 0.0104364
0.392699 0.00476624 0.0064381 0 0.0064381
0.654503 0.0046049 0.00691827 0 0.00691827
0.916292 0.0271674 0.00735006 0 0.00735006
1.17809 0.0254644 0.00713155 0 0.00713155
1.4399 -0.00187352 0.00765785 0 0.00765785
1.70169 0.00996874 0.00738549 0 0.00738549
1.9635 0.00429651 0.00690443 0 0.00690443
2.2253 0.00513435 0.00775177 0 0.00775177
2.48709 -0.000861332 0.011519 0 0.011519
2.74889 -0.000553612 0.00856791 0 0.00856791
3.01069 0.00799932 0.00645312 0 0.00645312
