-3.01069 11799 108.623 6657 81.5904
-2.74889 9688 98.4276 5750 75.8288
-2.48709 8310 91.1592 4789 69.2026
-2.22529 9528 97.6115 5794 76.1183
-1.96349 7713 87.8237 4469 66.8506
-1.70169 8835 93.9947 5195 72.0763
-1.4399 7819 88.4251 4614 67.9264
-1.17809 9601 97.9847 5387 73.3962
-0.916292 9844 99.2169 5694 75.4586
-0.654503 8636 92.9301 4953 70.3776
-0.392699 2899 53.8424 1522 39.0128
-0.130894 2855 53.4322 1236 35.1568
0.130894 1475 38.4057 1012 31.8119
0.392699 8909 94.3875 5572 74.6458
0.654503 8235 90.7469 4884 69.8856
0.916292 8957 94.6414 5412 73.5663
1.17809 8590 92.6823 4902 70.0143
1.4399 5320 72.9383 3433 58.5918
1.70169 7240 85.0882 4226 65.0077
1.9635 9755 98.7674 5584 74.7262
2.2253 7938 89.0955 4681 68.4178
2.48709 5339 73.0685 4835 69.5342
2.74889 7727 87.9034 5023 70.8731
3.01069 13392 115.724 8571 92.5797
