-3.01069 0.0231214 0.0241358 0.0180829 0.0301584
-2.74889 -0.0167982 0.0295396 0.0180874 0.0346374
-2.48709 0.0194432 0.0370299 0.0180857 0.0412105
-2.22529 -0.030473 0.0482279 0.0180758 0.051504
-1.96349 -0.102734 0.0422162 0.0179016 0.0458549
-1.70169 0.00201741 0.0388308 0.0180925 0.0428388
-1.4399 0.0155413 0.0499813 0.0180882 0.0531537
-1.17809 -0.0353315 0.0473578 0.01807 0.0506881
-0.916292 0.0277904 0.034583 0.0180786 0.0390233
-0.654503 0.0421065 0.041582 0.0180605 0.0453348
-0.392699 0.197125 0.160924 0.0173895 0.161861
0.392699 0.0395466 0.0333804 0.0180643 0.0379548
0.654503 0.0100503 0.0363667 0.0180907 0.0406179
0.916292 0.0361949 0.0372335 0.0180688 0.0413862
1.17809 0.0136311 0.0367412 0.0180892 0.0409529
1.4399 0.0981492 0.049992 0.0179183 0.0531061
1.70169 0.0098559 0.0470294 0.0180908 0.0503889
1.9635 0.000356593 0.0416402 0.0180925 0.0454009
2.2253 -0.100688 0.0492472 0.0179091 0.0524025
2.48709 -0.173078 0.375334 0.0175506 0.375744
2.74889 0.0603925 0.0411893 0.0180266 0.0449613
3.01069 -0.0168669 0.0297008 0.0180874 0.0347749
