-3.01069 -0.00635828 0.0228902 0.0180918 0.0291766
-2.74889 -0.0118331 0.0182985 0.01809 0.025731
-2.48709 0.00754941 0.022445 0.0180915 0.0288285
-2.22529 -0.0194099 0.0212367 0.0180857 0.0278943
-1.96349 0.0692135 0.0243134 0.0180059 0.0302548
-1.70169 0.0111357 0.0224829 0.0180903 0.0288572
-1.4399 0.00302153 0.0237639 0.0180924 0.0298673
-1.17809 0.0205863 0.0194393 0.0180849 0.0265509
-0.916292 0.0418069 0.0228952 0.0180609 0.0291614
-0.654503 0.0200275 0.022558 0.0180853 0.0289126
-0.392699 0.00651224 0.0278529 0.0180918 0.0332129
0.392699 -0.0221298 0.0188213 0.0180837 0.026101
0.654503 0.00072323 0.0192453 0.0180925 0.0264144
0.916292 -0.01284 0.0207908 0.0180896 0.0275588
1.17809 0.00318412 0.0221044 0.0180924 0.0285646
1.4399 0.00165661 0.0199086 0.0180925 0.0269015
1.70169 0.0162006 0.0241046 0.0180878 0.0301363
1.9635 -0.00828275 0.019647 0.0180913 0.0267077
2.2253 0.0154478 0.0236229 0.0180882 0.0297528
2.48709 0.0161102 0.0404444 0.0180879 0.0443049
2.74889 0.00283562 0.024275 0.0180924 0.0302755
3.01069 0.00275264 0.0173393 0.0180924 0.0250597
