-3.01069 0.0184067 0.0268098 0.0180864 0.0323401
-2.74889 -0.00566544 0.0213064 0.018092 0.0279515
-2.48709 -0.0218845 0.0242253 0.0180839 0.0302307
-2.22529 -0.0214712 0.0227416 0.0180842 0.0290554
-1.96349 -0.00279004 0.0223375 0.0180924 0.0287454
-1.70169 0.0340428 0.0211117 0.0180716 0.02779
-1.4399 -0.012178 0.0253418 0.0180899 0.031136
-1.17809 0.0212131 0.0196755 0.0180844 0.026724
-0.916292 0.0100168 0.0226918 0.0180907 0.0290206
-0.654503 0.0379632 0.0228363 0.0180665 0.0291186
-0.392699 -0.0321751 0.0605208 0.0180738 0.0631619
0.392699 0.00905752 0.0202668 0.0180911 0.0271667
0.654503 0.0310059 0.0260952 0.0180752 0.0317438
0.916292 -0.00703993 0.0213377 0.0180917 0.0279751
1.17809 0.0197815 0.0226164 0.0180855 0.0289583
1.4399 0.00506085 0.0291158 0.0180921 0.0342791
1.70169 0.0147351 0.0269144 0.0180886 0.0324282
1.9635 0.0529491 0.0218891 0.0180418 0.0283662
2.2253 0.0116582 0.0242292 0.0180901 0.0302375
2.48709 0.0327664 0.0192897 0.0180731 0.0264335
2.74889 0.0140177 0.023172 0.018089 0.0293965
3.01069 0.0250846 0.0400389 0.0180812 0.0439323
