-3.01069 0.0247949 0.00859622 0.0180814 0.0200208
-2.74889 0.0222637 0.00826211 0.0180836 0.0198816
-2.48709 0.0176529 0.00926454 0.0180869 0.0203216
-2.22529 0.00887236 0.00800686 0.0180911 0.0197838
-1.96349 -0.00057925 0.0093157 0.0180925 0.02035
-1.70169 0.0168744 0.00736 0.0180874 0.0195275
-1.4399 0.00835397 0.00957628 0.0180913 0.0204695
-1.17809 0.0196405 0.00827227 0.0180856 0.0198876
-0.916292 0.0156348 0.00804019 0.0180881 0.0197946
-0.654503 0.0141905 0.00819004 0.0180889 0.0198566
-0.392699 -0.00377823 0.0133151 0.0180923 0.0224638
0.392699 0.0289029 0.00847958 0.0180774 0.0199674
0.654503 0.01049 0.00889991 0.0180906 0.0201613
0.916292 0.0159232 0.00814116 0.018088 0.0198356
1.17809 0.0123722 0.00878741 0.0180898 0.0201112
1.4399 0.0328879 0.00931214 0.018073 0.020331
1.70169 0.00703349 0.00873558 0.0180917 0.0200903
1.9635 0.0205829 0.00877073 0.0180849 0.0200995
2.2253 0.013043 0.00966677 0.0180895 0.0205104
2.48709 0.0332982 0.0117712 0.0180725 0.0215679
2.74889 0.0255685 0.00815915 0.0180807 0.0198364
3.01069 0.0108025 0.00743157 0.0180904 0.0195574
