-3.01069 0.0135628 0.0151454 0.0180892 0.0235924
-2.74889 0.00355068 0.0165153 0.0180923 0.0244967
-2.48709 -0.00585166 0.0167357 0.0180919 0.0246456
-2.22529 0.0202171 0.0155591 0.0180852 0.023857
-1.96349 -0.0357892 0.0186884 0.0180694 0.0259953
-1.70169 -0.0174116 0.0170011 0.0180871 0.024823
-1.4399 -0.0138459 0.0180225 0.0180891 0.0255348
-1.17809 0.0290634 0.0167108 0.0180773 0.0246179
-0.916292 -0.00319981 0.0179379 0.0180924 0.0254775
-0.654503 -0.00190027 0.0164735 0.0180925 0.0244686
-0.392699 0.00515593 0.0272576 0.0180921 0.0327154
0.392699 0.0328091 0.0147865 0.0180731 0.0233511
0.654503 0.0200262 0.0155861 0.0180853 0.0238747
0.916292 0.034307 0.0175662 0.0180713 0.025202
1.17809 0.0527448 0.016275 0.0180422 0.0242981
1.4399 0.00157633 0.0174099 0.0180925 0.0251086
1.70169 0.0129991 0.0172078 0.0180895 0.0249667
1.9635 0.00813217 0.017104 0.0180914 0.0248966
2.2253 0.0363968 0.0181954 0.0180686 0.0256426
2.48709 -0.00887209 0.0240085 0.0180911 0.0300616
2.74889 0.0298619 0.0277059 0.0180764 0.0330813
3.01069 -0.0247465 0.0259854 0.0180815 0.0316572
