-3.01069 0.0116114 0.015407 0.0180901 0.0237619
-2.74889 0.0296741 0.00988812 0.0180766 0.0206043
-2.48709 0.0188129 0.00973048 0.0180861 0.0205375
-2.22529 0.00545688 0.00905527 0.018092 0.0202316
-1.96349 0.0204188 0.0104473 0.018085 0.0208857
-1.70169 0.0113903 0.00970203 0.0180902 0.0205277
-1.4399 -0.000150022 0.00957576 0.0180926 0.0204704
-1.17809 0.0143639 0.0093543 0.0180888 0.0203644
-0.916292 0.0166135 0.0090359 0.0180876 0.020219
-0.654503 0.0182842 0.00941459 0.0180865 0.0203901
-0.392699 0.0157329 0.0167696 0.0180881 0.0246657
0.392699 0.0335451 0.00950021 0.0180722 0.0204171
0.654503 0.0282639 0.00969021 0.0180781 0.0205114
0.916292 0.0307883 0.00922857 0.0180754 0.020295
1.17809 0.0203953 0.0105245 0.018085 0.0209245
1.4399 0.0229528 0.0110404 0.018083 0.0211869
1.70169 0.0101028 0.0108963 0.0180907 0.0211188
1.9635 0.00579982 0.00886674 0.0180919 0.0201479
2.2253 3.24078e-05 0.0100701 0.0180926 0.0207062
2.48709 0.00753547 0.00917908 0.0180915 0.0202869
2.74889 0.0240509 0.00963488 0.0180821 0.0204888
3.01069 0.0320896 0.0172731 0.0180739 0.0250005
