-3.01069 0.010924 0.0114313 0.0180904 0.0213995
-2.74889 -0.00498194 0.0121725 0.0180921 0.0218058
-2.48709 -0.0253774 0.0120418 0.0180809 0.0217238
-2.22529 -0.00548019 0.012754 0.018092 0.0221356
-1.96349 0.00710348 0.0118106 0.0180916 0.0216055
-1.70169 -0.00267613 0.013442 0.0180924 0.0225394
-1.4399 0.00725416 0.0120475 0.0180916 0.0217359
-1.17809 0.00966136 0.012639 0.0180909 0.0220686
-0.916292 0.0190744 0.0124049 0.018086 0.0219313
-0.654503 -0.00815053 0.0129149 0.0180913 0.0222282
-0.392699 0.0252539 0.0139508 0.018081 0.0228374
0.392699 0.00863312 0.010492 0.0180912 0.0209135
0.654503 0.0284562 0.00935305 0.0180779 0.0203541
0.916292 0.0091167 0.0134139 0.018091 0.0225215
1.17809 0.0147207 0.0134951 0.0180886 0.022568
1.4399 -0.00108474 0.0123241 0.0180925 0.0218912
1.70169 0.00376913 0.0157709 0.0180923 0.0240011
1.9635 0.0165711 0.0104727 0.0180876 0.0209007
2.2253 0.0160996 0.0157474 0.0180879 0.0239823
2.48709 -0.0313491 0.0189843 0.0180748 0.0262126
2.74889 0.0247299 0.0202387 0.0180815 0.0271393
3.01069 0.0418572 0.014114 0.0180609 0.0229216
