-3.01069 0.0132251 0.0121267 0.0180894 0.021778
-2.74889 0.0234864 0.0133093 0.0180826 0.0224526
-2.48709 0.0365792 0.0116021 0.0180683 0.0214726
-2.22529 0.0224492 0.0127076 0.0180834 0.0221019
-1.96349 0.0177046 0.0148688 0.0180869 0.023414
-1.70169 0.0123769 0.0106337 0.0180898 0.0209837
-1.4399 0.0090325 0.0156383 0.0180911 0.0239132
-1.17809 0.000140771 0.0135586 0.0180926 0.0226092
-0.916292 0.00702938 0.0143255 0.0180917 0.0230766
-0.654503 0.0243725 0.0146835 0.0180818 0.0232929
-0.392699 0.00657432 0.019358 0.0180918 0.0264961
0.392699 -0.000431204 0.013408 0.0180925 0.0225192
0.654503 0.00596214 0.0110695 0.0180919 0.0212097
0.916292 0.0393419 0.0148801 0.0180645 0.0234039
1.17809 0.0257217 0.0129111 0.0180806 0.0222172
1.4399 0.00273139 0.0173915 0.0180924 0.0250958
1.70169 0.0238795 0.0158214 0.0180822 0.0240267
1.9635 0.00063981 0.0132807 0.0180925 0.0224436
2.2253 -0.00784354 0.0175666 0.0180914 0.0252168
2.48709 -0.00676822 0.0243548 0.0180917 0.0303392
2.74889 -0.0356689 0.0200232 0.0180695 0.026971
3.01069 -0.0150796 0.0140558 0.0180884 0.0229076
