-3.01069 -0.0114605 0.0113451 0.0180902 0.0213534
-2.74889 -0.00399737 0.0100796 0.0180923 0.0207106
-2.48709 0.00497535 0.0136311 0.0180921 0.0226524
-2.22529 0.00697662 0.0112386 0.0180917 0.0212983
-1.96349 0.00897878 0.0119819 0.0180911 0.0216992
-1.70169 0.0231269 0.0150922 0.0180829 0.0235534
-1.4399 0.0143875 0.0112661 0.0180888 0.0213103
-1.17809 0.0125704 0.0102438 0.0180897 0.0207888
-0.916292 0.021415 0.0106574 0.0180843 0.020991
-0.654503 0.0104863 0.0105161 0.0180906 0.020925
-0.392699 0.014446 0.0185434 0.0180888 0.0259048
0.392699 0.0281763 0.00946131 0.0180782 0.0204043
0.654503 0.0205661 0.0113218 0.0180849 0.0213365
0.916292 0.0235571 0.0110472 0.0180825 0.02119
1.17809 0.0385802 0.0123086 0.0180656 0.0218602
1.4399 0.00929268 0.011326 0.018091 0.0213439
1.70169 0.00109432 0.0111657 0.0180925 0.0212606
1.9635 0.0217156 0.010583 0.018084 0.0209531
2.2253 0.026211 0.011273 0.0180801 0.0213066
2.48709 0.0226786 0.0183742 0.0180832 0.0257801
2.74889 0.0481798 0.0137746 0.0180506 0.022706
3.01069 0.0482066 0.0105324 0.0180505 0.0208986
