-3.01069 0.0105794 0.0109831 0.0180905 0.0211635
-2.74889 0.0150364 0.0138688 0.0180885 0.0227933
-2.48709 0.016491 0.0153419 0.0180876 0.0237179
-2.22529 0.00667303 0.0136252 0.0180917 0.0226485
-1.96349 0.0485853 0.0160391 0.0180498 0.0241464
-1.70169 0.0043801 0.0152179 0.0180922 0.0236413
-1.4399 0.00199967 0.0155063 0.0180925 0.0238282
-1.17809 0.0107174 0.0135649 0.0180905 0.0226113
-0.916292 0.0210336 0.0139834 0.0180845 0.0228602
-0.654503 0.0141194 0.0154378 0.0180889 0.023781
-0.392699 0.0194666 0.022863 0.0180857 0.0291515
0.392699 0.0428688 0.0145671 0.0180593 0.0232021
0.654503 0.0292936 0.0163313 0.018077 0.0243616
0.916292 0.00456678 0.0142378 0.0180922 0.0230226
1.17809 0.0395602 0.0142239 0.0180642 0.0229921
1.4399 0.0248661 0.0197291 0.0180814 0.0267614
1.70169 0.0073224 0.0160102 0.0180916 0.0241585
1.9635 0.0338298 0.0134436 0.0180718 0.0225238
2.2253 0.0476654 0.013246 0.0180514 0.02239
2.48709 0.0286891 0.0138113 0.0180777 0.0227498
2.74889 0.045491 0.0119688 0.0180551 0.0216619
3.01069 0.0183916 0.00991808 0.0180864 0.0206273
