-3.01069 2411.43 49.1063 3083.4 55.5283
-2.74889 1187.52 34.4604 1271.58 35.6592
-2.48709 902.542 30.0423 1211.84 34.8115
-2.22529 795.656 28.2074 1699.8 41.2286
-1.96349 794.732 28.191 1096.02 33.1063
-1.70169 896.801 29.9466 1260.77 35.5073
-1.4399 702.471 26.5042 1381.74 37.1718
-1.17809 889.233 29.82 1883.03 43.3939
-0.916292 1006.91 31.7318 1403.63 37.465
-0.654503 834.553 28.8886 1327.24 36.4314
-0.392699 20.5243 4.53038 517.755 22.7542
0.392699 923.334 30.3864 1125.92 33.5547
0.654503 833.542 28.8711 969.102 31.1304
0.916292 894.57 29.9094 1381.56 37.1693
1.17809 920.33 30.3369 1379.54 37.1421
1.4399 412.584 20.3122 600.045 24.4958
1.70169 687.542 26.221 1139.88 33.7621
1.9635 953.914 30.8855 1683.74 41.0334
2.2253 887.886 29.7974 1750.76 41.8421
2.48709 77.3549 8.79516 1435.68 37.8903
2.74889 914.442 30.2397 1945.96 44.1131
3.01069 2044.65 45.2178 3487.08 59.0515
