-3.01069 9983.31 99.9165 8169.1 90.3831
-2.74889 8635.25 92.926 7113.99 84.3444
-2.48709 7945.11 89.1353 5195.28 72.0783
-2.22529 7888.91 88.8196 7021.24 83.7929
-1.96349 7487.81 86.5321 4660.84 68.2703
-1.70169 8234.61 90.7448 9327.99 96.5815
-1.4399 8083.06 89.9058 5775.59 75.9973
-1.17809 8077.79 89.8765 7218.03 84.959
-0.916292 8118.04 90.1002 7329.48 85.6124
-0.654503 7910.25 88.9396 7224.72 84.9983
-0.392699 4571.97 67.6163 2228.91 47.2114
0.392699 9562.87 97.7899 5840.14 76.4208
0.654503 9225.7 96.0505 4137.76 64.3255
0.916292 7290.35 85.3836 6974.27 83.5121
1.17809 7245.7 85.1217 6886.93 82.9875
1.4399 8056.04 89.7554 5851.84 76.4973
1.70169 6070.07 77.9107 6912.8 83.1433
1.9635 9485.28 97.3924 5822.96 76.3083
2.2253 5407.02 73.5324 5408.85 73.5449
2.48709 3661.19 60.5077 3091.52 55.6015
2.74889 4386.42 66.2301 6787.59 82.3869
3.01069 9149.65 95.6538 11997.5 109.533
