-3.01069 4061.65 63.7311 5198.45 72.1003
-2.74889 3486.08 59.043 4178.1 64.6382
-2.48709 2848.65 53.3728 3872.26 62.2275
-2.22529 3278.08 57.2546 4476.75 66.9085
-1.96349 2852.1 53.405 3267.05 57.1581
-1.70169 3095.54 55.6376 3794.8 61.6019
-1.4399 2502.64 50.0264 3805.29 61.6871
-1.17809 3490.44 59.0799 4026.14 63.4519
-0.916292 3152.91 56.1508 4481.62 66.9449
-0.654503 2799.71 52.9123 3886.75 62.3438
-0.392699 742.238 27.244 1735.23 41.6561
0.392699 3271.94 57.2009 3642.22 60.3508
0.654503 2489.86 49.8985 3909.59 62.5267
0.916292 3159.43 56.2088 3830.33 61.8897
1.17809 2921.81 54.0537 3628.23 60.2348
1.4399 1697.12 41.1961 2450.44 49.5019
1.70169 2367.76 48.6597 3466.89 58.8803
1.9635 3012.1 54.8826 4402.54 66.3516
2.2253 2699.31 51.9549 3712.51 60.9304
2.48709 2126.87 46.118 1888.15 43.4528
2.74889 2573.42 50.7289 3529.4 59.4088
3.01069 3909.81 62.5285 6087.6 78.0231
