-3.01069 2304.48 48.005 2732.52 52.2735
-2.74889 1196.8 34.5948 1114.09 33.3779
-2.48709 906.096 30.1014 1078.51 32.8407
-2.22529 799.071 28.2678 1524.36 39.0431
-1.96349 805.536 28.382 979.029 31.2894
-1.70169 891.77 29.8625 1122.2 33.4993
-1.4399 696.752 26.3961 1239.13 35.2013
-1.17809 883.259 29.7197 1693.53 41.1525
-0.916292 1016.18 31.8776 1245.78 35.2957
-0.654503 827.595 28.7679 1187.31 34.4574
-0.392699 23.5523 4.85308 477.698 21.8563
0.392699 930.769 30.5085 990.302 31.4691
0.654503 832.67 28.856 859.013 29.3089
0.916292 902.441 30.0407 1227.39 35.0342
1.17809 926.659 30.4411 1224.03 34.9862
1.4399 410.379 20.2578 527.958 22.9773
1.70169 681.359 26.1029 1012.05 31.8127
1.9635 943.813 30.7215 1503.02 38.7688
2.2253 883.44 29.7227 1565.78 39.57
2.48709 75.931 8.71384 1287.78 35.8856
2.74889 910.631 30.1767 1715.77 41.4218
3.01069 1979.6 44.4927 3096.69 55.6479
