-3.01069 11426.9 106.897 9557.21 97.761
-2.74889 9412.87 97.0199 8363.55 91.4525
-2.48709 8459.96 91.978 6246.12 79.0324
-2.22529 8492.23 92.1533 8359.71 91.4315
-1.96349 7850.92 88.6054 5676.88 75.3451
-1.70169 9065.21 95.2114 10802.8 103.936
-1.4399 8981.03 94.7683 6805.39 82.4948
-1.17809 8833.69 93.9877 8391.02 91.6025
-0.916292 8947.53 94.5914 8611.08 92.7959
-0.654503 8650.2 93.0064 8438.13 91.8593
-0.392699 4680.19 68.4119 2739.89 52.344
0.392699 10396.5 101.963 7129.68 84.4374
0.654503 9738.22 98.6824 5327.67 72.9909
0.916292 7952.44 89.1764 8197.53 90.5402
1.17809 8137.78 90.2097 7965.59 89.2502
1.4399 8763.41 93.6131 6890.21 83.0073
1.70169 6542.6 80.8863 7885.39 88.7997
1.9635 10325.8 101.616 6999.93 83.6656
2.2253 6156.41 78.4628 6301.27 79.3805
2.48709 3947.7 62.8307 3690.57 60.7501
2.74889 4551.75 67.4667 7997.37 89.428
3.01069 10073.4 100.366 13835.8 117.626
