-3.01069 4234.21 65.0708 5777.78 76.0117
-2.74889 3629.62 60.2463 4615.92 67.9406
-2.48709 2870.2 53.5742 4288.12 65.4837
-2.22529 3337.54 57.7714 4963.51 70.4522
-1.96349 2899.29 53.8451 3625.57 60.2127
-1.70169 3148.69 56.1132 4221.23 64.971
-1.4399 2506.74 50.0673 4235.29 65.0791
-1.17809 3530.69 59.4196 4484.78 66.9685
-0.916292 3209.41 56.6516 4969.04 70.4914
-0.654503 2807.11 52.9822 4322.5 65.7457
-0.392699 741.152 27.2241 1846.1 42.9663
0.392699 3326.26 57.6738 4060.41 63.7214
0.654503 2525.57 50.2551 4303.46 65.6007
0.916292 3195.15 56.5256 4268.45 65.3334
1.17809 3022.07 54.9733 4025.72 63.4486
1.4399 1684.06 41.0373 2735.92 52.306
1.70169 2430.69 49.302 3817.08 61.7825
1.9635 3031.23 55.0566 4890.51 69.9322
2.2253 2738.24 52.3282 4113.7 64.1381
2.48709 2063.06 45.4209 2188.1 46.7771
2.74889 2578.36 50.7775 3925.17 62.6512
3.01069 3957.19 62.9062 6778.33 82.3306
