-3.01069 6188.29 78.6657 4079.71 63.8726
-2.74889 5629.79 75.0319 4265.69 65.3123
-2.48709 5686.48 75.4087 2036.4 45.1265
-2.22529 5687.54 75.4158 3229.28 56.8268
-1.96349 4625.29 68.0095 2902.27 53.8727
-1.70169 6745.98 82.1339 2046.41 45.2373
-1.4399 4381.39 66.1921 3500.68 59.1666
-1.17809 5529.02 74.3574 3924.46 62.6455
-0.916292 4938.61 70.2752 3500.97 59.169
-0.654503 4765.53 69.0328 3932.14 62.7068
-0.392699 2708.64 52.0446 1449.28 38.0694
0.392699 5928.64 76.9976 4588.17 67.7361
0.654503 6528.51 80.7992 2592.44 50.916
0.916292 4477.27 66.9124 3359.34 57.9598
1.17809 5495.56 74.132 2909.17 53.9367
1.4399 4003.78 63.2754 3492.47 59.0971
1.70169 4418.97 66.4753 3581.39 59.8447
1.9635 5589.29 74.7616 3629.07 60.2417
2.2253 3762.06 61.3357 3389.94 58.2232
2.48709 1901.18 43.6025 1353.28 36.7869
2.74889 3259.09 57.0884 2679.58 51.7647
3.01069 5718.73 75.6223 4536.69 67.3549
