-3.01069 7362.05 85.8024 4346.35 65.9269
-2.74889 6135.9 78.332 4679.64 68.4079
-2.48709 6145.99 78.3963 2301.63 47.9753
-2.22529 6217.26 78.8496 3590.87 59.9239
-1.96349 4836.92 69.548 3282.54 57.2935
-1.70169 7433.49 86.2177 2256.09 47.4983
-1.4399 4830.12 69.4991 3848.07 62.0328
-1.17809 5933.65 77.0302 4347.75 65.9375
-0.916292 5349.13 73.1377 3965.45 62.9719
-0.654503 5309.25 72.8646 4353.69 65.9825
-0.392699 2778.19 52.7085 1579.64 39.7447
0.392699 6376.13 79.8507 5074.76 71.2374
0.654503 7066.98 84.0653 2944.99 54.2678
0.916292 4913.3 70.0949 3709.66 60.907
1.17809 6030.63 77.6571 3184.04 56.4273
1.4399 4236.83 65.0909 3861.89 62.1441
1.70169 4721.83 68.7155 3932.17 62.7071
1.9635 6000.67 77.464 3962.03 62.9447
2.2253 4160.23 64.4998 3772.95 61.4243
2.48709 2088.56 45.7007 1506.44 38.8129
2.74889 3587.17 59.893 2855.46 53.4365
3.01069 6548.82 80.9248 4781.61 69.1492
