-3.01069 6834.01 82.6681 3640.12 60.3334
-2.74889 5916.78 76.9206 3963.39 62.9554
-2.48709 5713.12 75.5852 1941.35 44.0608
-2.22529 5903.76 76.8359 3030.91 55.0537
-1.96349 4604.33 67.8552 2793.34 52.852
-1.70169 6838.65 82.6961 1892.62 43.5043
-1.4399 4636.36 68.0908 3265.42 57.1439
-1.17809 5741.92 75.7754 3688.87 60.7361
-0.916292 5173.32 71.9258 3379.77 58.1358
-0.654503 5112.24 71.4999 3699.98 60.8274
-0.392699 2631.27 51.2959 1340.06 36.6068
0.392699 6173.56 78.572 4306.24 65.6219
0.654503 6702.75 81.8704 2487.86 49.8785
0.916292 4708.25 68.6167 3140.25 56.038
1.17809 5705.55 75.5351 2682.05 51.7885
1.4399 4060.21 63.7198 3282.24 57.2909
1.70169 4517.6 67.2131 3333.06 57.7326
1.9635 5775.37 75.9959 3348.03 57.8622
2.2253 4008.85 63.3155 3212.14 56.6758
2.48709 1973.94 44.429 1279.16 35.7654
2.74889 3372.52 58.0734 2399.72 48.9869
3.01069 6151.85 78.4337 4006.1 63.2938
