-3.01069 7180.37 84.7371 4603.11 67.8462
-2.74889 6107.81 78.1525 4854.87 69.6769
-2.48709 6209.84 78.8025 2357.1 48.55
-2.22529 6210.95 78.8096 3706.62 60.882
-1.96349 4892.96 69.9497 3347.45 57.8572
-1.70169 7483.95 86.5098 2346.36 48.4392
-1.4399 4798.17 69.2688 3985.17 63.1282
-1.17809 5924.1 76.9682 4484.75 66.9683
-0.916292 5329.38 73.0026 4038.34 63.5479
-0.654503 5254.76 72.4897 4489.64 67.0048
-0.392699 2831.56 53.2124 1643.08 40.5349
0.392699 6361.38 79.7582 5238.61 72.3782
0.654503 7084.01 84.1665 3006.13 54.8282
0.916292 4888.68 69.9191 3836.94 61.943
1.17809 6024.12 77.6152 3316.19 57.5863
1.4399 4260.43 65.2719 3984.92 63.1262
1.70169 4738.01 68.8332 4076.71 63.8491
1.9635 6000.72 77.4643 4124.93 64.2257
2.2253 4125.39 64.2292 3877.7 62.2712
2.48709 2086.26 45.6756 1549.89 39.3686
2.74889 3586.85 59.8903 3017.49 54.9317
3.01069 6458.75 80.3663 5089.6 71.3414
