-3.01069 4538.6 67.3691 6336.57 79.6026
-2.74889 3838.23 61.9535 5039.74 70.9911
-2.48709 2937.33 54.1972 4687.02 68.4618
-2.22529 3440.1 58.6523 5432 73.7021
-1.96349 3039.47 55.1314 3971.17 63.0172
-1.70169 3298.5 57.4326 4632.62 68.0633
-1.4399 2572.97 50.7245 4648.33 68.1787
-1.17809 3680.58 60.6678 4926.71 70.1905
-0.916292 3306.91 57.5057 5437.14 73.737
-0.654503 2866.28 53.5377 4742.1 68.8629
-0.392699 756.726 27.5086 2008.32 44.8142
0.392699 3487.48 59.0549 4466.25 66.83
0.654503 2581 50.8035 4683.4 68.4353
0.916292 3290.33 57.3614 4692.49 68.5018
1.17809 3215.1 56.7019 4407.78 66.3911
1.4399 1722.12 41.4985 3012.63 54.8875
1.70169 2546.07 50.4586 4154.71 64.4571
1.9635 3111.56 55.7814 5360.67 73.2166
2.2253 2826.15 53.1616 4499.99 67.082
2.48709 2142.25 46.2845 2489.78 49.8977
2.74889 2711.05 52.0678 4309.88 65.6497
3.01069 4324.81 65.7633 7442.7 86.2711
