-3.01069 1854.58 43.0648 1698.05 41.2073
-2.74889 2618.55 51.1718 1465.1 38.2766
-2.48709 2025.56 45.0063 1497.02 38.6913
-2.22529 2200.53 46.9099 1504.61 38.7892
-1.96349 1566.59 39.5802 1168.55 34.1841
-1.70169 1905.28 43.6495 1409.23 37.5398
-1.4399 1681.45 41.0054 1223.41 34.9773
-1.17809 2363.7 48.6179 1374.57 37.0753
-0.916292 1728.63 41.5768 1215.48 34.8637
-0.654503 1864.59 43.1809 1508.24 38.8361
-0.392699 1083.79 32.9209 549.654 23.4447
0.392699 2749.44 52.4351 1720.97 41.4845
0.654503 2473.54 49.7347 1493.02 38.6396
0.916292 2147.34 46.3393 1228.46 35.0493
1.17809 2071.26 45.5111 1432.04 37.8422
1.4399 2250.82 47.4428 1302.71 36.0931
1.70169 1770.59 42.0784 1369.24 37.0033
1.9635 2361.93 48.5997 1349.4 36.7341
2.2253 1715.75 41.4216 1154.69 33.9807
2.48709 684.949 26.1715 678.382 26.0458
2.74889 1300.72 36.0654 489.241 22.1188
3.01069 2423.38 49.2278 683.442 26.1427
