-3.01069 10377.4 101.87 8236.42 90.7547
-2.74889 8915.04 94.4195 7198.4 84.8434
-2.48709 8045.14 89.6947 5323.94 72.9653
-2.22529 8114.32 90.0795 7160.94 84.6224
-1.96349 7561.25 86.9554 4805.41 69.321
-1.70169 8588.97 92.6767 9363.71 96.7663
-1.4399 8340.36 91.3256 5847.54 76.4692
-1.17809 8381.66 91.5514 7255.61 85.1799
-0.916292 8468.92 92.0267 7413.64 86.1025
-0.654503 8218.88 90.658 7277.91 85.3107
-0.392699 4544.17 67.4105 2309.38 48.0561
0.392699 9785.13 98.9198 6027.17 77.6348
0.654503 9288.73 96.3781 4415.01 66.4456
0.916292 7561.52 86.957 7049.45 83.961
1.17809 7595.86 87.1542 6902.28 83.08
1.4399 8230.78 90.7236 5925.27 76.9757
1.70169 6253.06 79.0763 6871.93 82.8971
1.9635 9702.81 98.5028 5961.68 77.2119
2.2253 5683.55 75.3893 5434.52 73.7192
2.48709 3720.61 60.9968 3147.41 56.1018
2.74889 4431.72 66.5712 6880.89 82.9511
3.01069 9377.3 96.8365 12013.3 109.605
