-3.01069 6836.49 82.6831 3455.33 58.7821
-2.74889 5773.43 75.9831 3805.84 61.6915
-2.48709 5447.51 73.8072 1899.32 43.5812
-2.22529 5714.07 75.5915 2937.95 54.2028
-1.96349 4360.91 66.0372 2724.3 52.1949
-1.70169 6570.22 81.0569 1831.63 42.7975
-1.4399 4534.66 67.3398 3137.47 56.0131
-1.17809 5576.28 74.6745 3559.58 59.6623
-0.916292 5044.27 71.023 3297.11 57.4205
-0.654503 5035.47 70.9611 3567.76 59.7307
-0.392699 2457.6 49.5741 1281.36 35.7961
0.392699 6004.47 77.4885 4151.21 64.4298
0.654503 6450.85 80.3172 2439 49.3863
0.916292 4589.73 67.7475 3027.62 55.0238
1.17809 5522.84 74.3158 2578.71 50.781
1.4399 3886.97 62.3456 3162.55 56.2366
1.70169 4341.51 65.8901 3201.67 56.5833
1.9635 5586.43 74.7424 3209.22 56.65
2.2253 3936.85 62.7443 3104.51 55.7181
2.48709 1910.85 43.7133 1237.59 35.1794
2.74889 3260.39 57.0998 2273.05 47.6766
3.01069 6064.15 77.8727 3775.49 61.445
