-3.01069 2478.13 49.7808 3083.4 55.5283
-2.74889 1247.7 35.3228 1271.58 35.6592
-2.48709 939.569 30.6524 1211.84 34.8115
-2.22529 817.215 28.587 1699.8 41.2286
-1.96349 837.519 28.9399 1096.02 33.1063
-1.70169 930.717 30.5077 1260.77 35.5073
-1.4399 722.906 26.8869 1381.74 37.1718
-1.17809 915.773 30.2617 1883.03 43.3939
-0.916292 1053.19 32.4529 1403.63 37.465
-0.654503 862 29.3598 1327.24 36.4314
-0.392699 23.6985 4.86811 517.755 22.7542
0.392699 969.894 31.1431 1125.92 33.5547
0.654503 876.072 29.5985 969.102 31.1304
0.916292 935.687 30.589 1381.56 37.1693
1.17809 965.62 31.0744 1379.54 37.1421
1.4399 428.881 20.7094 600.045 24.4958
1.70169 704.905 26.55 1139.88 33.7621
1.9635 991.369 31.486 1683.74 41.0334
2.2253 910.319 30.1715 1750.76 41.8421
2.48709 77.3553 8.79518 1435.68 37.8903
2.74889 956.998 30.9354 1945.96 44.1131
3.01069 2089.26 45.7084 3487.08 59.0515
