-3.01069 1983.2 44.5332 1586.93 39.8363
-2.74889 2706.82 52.0271 1369.15 37.002
-2.48709 2060.41 45.3917 1426.32 37.7667
-2.22529 2252.87 47.4644 1442.98 37.9865
-1.96349 1583.99 39.7993 1118.09 33.4379
-1.70169 1955.55 44.2216 1326.19 36.4169
-1.4399 1733.2 41.6317 1146.95 33.8666
-1.17809 2419.67 49.1902 1315.78 36.2737
-0.916292 1787.53 42.2792 1170.87 34.218
-0.654503 1952.6 44.1882 1419.19 37.6722
-0.392699 1096.52 33.1138 492.532 22.1931
0.392699 2819.19 53.096 1647.53 40.5898
0.654503 2530.59 50.3049 1433.38 37.86
0.916292 2208.7 46.9968 1162.94 34.102
1.17809 2113.02 45.9676 1365.28 36.9497
1.4399 2306.37 48.0247 1211.02 34.7997
1.70169 1802.48 42.4557 1289.34 35.9073
1.9635 2413.51 49.1275 1272.85 35.6771
2.2253 1752.44 41.8621 1098.1 33.1375
2.48709 698.784 26.4345 647.55 25.447
2.74889 1335.82 36.5489 447.483 21.1538
3.01069 2439.08 49.387 631.273 25.1251
