-3.01069 4162.03 64.5138 6352.43 79.7021
-2.74889 3549.59 59.5785 4947.15 70.336
-2.48709 2659.2 51.5674 4804.82 69.3168
-2.22529 3144.1 56.0723 5628.33 75.0222
-1.96349 2702.17 51.9824 4128.21 64.2511
-1.70169 2938.65 54.2093 4827.48 69.4801
-1.4399 2283.97 47.7909 4828.01 69.4839
-1.17809 3259.68 57.0936 5162.82 71.8527
-0.916292 3022.79 54.9799 5636.74 75.0782
-0.654503 2577.46 50.7687 4878.35 69.8452
-0.392699 673.663 25.955 1848.49 42.9941
0.392699 3100.41 55.6813 4631.98 68.0586
0.654503 2380.27 48.788 4540.83 67.3856
0.916292 2967.97 54.4791 4854.64 69.6753
1.17809 2919.44 54.0319 4586.84 67.7262
1.4399 1503.21 38.7713 3118.28 55.8416
1.70169 2313.05 48.0942 4036.82 63.536
1.9635 2792.07 52.84 5526.01 74.3372
2.2253 2555.57 50.5527 4578.3 67.6631
2.48709 1708.71 41.3366 2791.5 52.8347
2.74889 2330.52 48.2754 4323.4 65.7526
3.01069 3708.94 60.9011 7762.54 88.1053
