-3.01069 6612.71 81.3185 3845.68 62.0135
-2.74889 5869.6 76.6133 4117.97 64.1714
-2.48709 5794.52 76.1217 1986.73 44.5728
-2.22529 5894.81 76.7776 3127.79 55.9267
-1.96349 4692.28 68.5002 2853.69 53.42
-1.70169 6898.68 83.0583 1962.89 44.3046
-1.4399 4585.5 67.7163 3387.7 58.2039
-1.17809 5726.27 75.6721 3811.94 61.7409
-0.916292 5138.88 71.686 3449.17 58.7296
-0.654503 5023.11 70.8739 3822.95 61.83
-0.392699 2714.82 52.1039 1396.58 37.3708
0.392699 6148.64 78.4133 4453.68 66.7359
0.654503 6728.72 82.0288 2538.86 50.3871
0.916292 4670.66 68.3423 3251.58 57.0226
1.17809 5696.34 75.4741 2791.78 52.8373
1.4399 4098.78 64.0217 3393.59 58.2546
1.70169 4543.32 67.4041 3460.66 58.8274
1.9635 5776.17 76.0011 3488.54 59.0639
2.2253 3951.25 62.859 3308.8 57.5222
2.48709 1970.67 44.3923 1318.15 36.3064
2.74889 3372.08 58.0696 2534.85 50.3473
3.01069 6034.34 77.681 4258.01 65.2534
