-3.01069 1873.01 43.2783 2028.07 45.0341
-2.74889 1096.69 33.1164 806.837 28.4049
-2.48709 824.678 28.7172 812.648 28.507
-2.22529 735.232 27.1152 1168.59 34.1847
-1.96349 747.946 27.3486 743.325 27.264
-1.70169 792.863 28.1578 846.045 29.0869
-1.4399 616.481 24.829 950.32 30.8273
-1.17809 784.405 28.0072 1306.37 36.1437
-0.916292 935.946 30.5932 932.216 30.5322
-0.654503 731.28 27.0422 905.619 30.0935
-0.392699 23.6997 4.86824 388.488 19.7101
0.392699 853.467 29.2142 724.585 26.9181
0.654503 747.74 27.3448 641.553 25.3289
0.916292 830.344 28.8157 920.327 30.3369
1.17809 847.538 29.1125 913.148 30.2183
1.4399 365.025 19.1056 387.221 19.6779
1.70169 602.158 24.5389 757.498 27.5227
1.9635 829.234 28.7964 1140.45 33.7706
2.2253 789.949 28.106 1191.91 34.524
2.48709 59.298 7.70052 986.984 31.4163
2.74889 811.996 28.4955 1261.09 35.5118
3.01069 1648.22 40.5983 2313.99 48.104
