-3.01069 2339.08 48.3641 2732.52 52.2735
-2.74889 1228.47 35.0495 1114.09 33.3779
-2.48709 924.197 30.4006 1078.51 32.8407
-2.22529 807.737 28.4207 1524.36 39.0431
-1.96349 827.955 28.7742 979.029 31.2894
-1.70169 908.621 30.1433 1122.2 33.4993
-1.4399 706.002 26.5707 1239.13 35.2013
-1.17809 895.29 29.9214 1693.53 41.1525
-0.916292 1039.21 32.2368 1245.78 35.2957
-0.654503 840.663 28.9942 1187.32 34.4575
-0.392699 23.6997 4.86824 477.698 21.8563
0.392699 955.181 30.906 990.302 31.4691
0.654503 856.18 29.2606 859.013 29.3089
0.916292 922.82 30.378 1227.39 35.0342
1.17809 950.286 30.8267 1224.03 34.9862
1.4399 418.617 20.4601 527.958 22.9773
1.70169 688.824 26.2454 1012.05 31.8127
1.9635 963.18 31.0351 1503.02 38.7688
2.2253 892.845 29.8805 1565.78 39.57
2.48709 75.931 8.71384 1287.78 35.8856
2.74889 933.583 30.5546 1715.77 41.4218
3.01069 1999.95 44.7208 3096.69 55.6479
