-3.01069 4268.37 65.3327 6206 78.7782
-2.74889 3651.02 60.4237 4904.03 70.0288
-2.48709 2810.37 53.0129 4687.02 68.4618
-2.22529 3294.16 57.3948 5432 73.7021
-1.96349 2849.13 53.3773 3971.17 63.0172
-1.70169 3096.26 55.644 4632.62 68.0633
-1.4399 2436.87 49.3646 4648.33 68.1787
-1.17809 3454.06 58.7713 4926.71 70.1905
-0.916292 3167.32 56.2789 5437.14 73.737
-0.654503 2737.75 52.3235 4742.1 68.8629
-0.392699 719.796 26.829 1880.38 43.3633
0.392699 3268.87 57.174 4466.25 66.83
0.654503 2491.25 49.9125 4536.5 67.3535
0.916292 3133.24 55.9754 4692.49 68.5018
1.17809 3021.36 54.9669 4407.78 66.3911
1.4399 1623.46 40.2922 3012.63 54.8875
1.70169 2412.36 49.1158 4030.81 63.4887
1.9635 2960.85 54.4137 5360.67 73.2166
2.2253 2691.57 51.8803 4499.99 67.082
2.48709 1927.6 43.9044 2489.78 49.8977
2.74889 2496.65 49.9665 4226.52 65.0117
3.01069 3888.54 62.3581 7442.7 86.2711
