-3.01069 10245.6 101.221 8098.27 89.9904
-2.74889 8573.42 92.5928 7114.61 84.3481
-2.48709 7451.98 86.3248 5380.89 73.3545
-2.22529 7746.56 88.0146 7154.45 84.584
-1.96349 6951.68 83.3767 4930.67 70.2187
-1.70169 8431.24 91.8218 9106.23 95.4266
-1.4399 8052.86 89.7377 5790.71 76.0967
-1.17809 8143.28 90.2401 7085.61 84.1761
-0.916292 8314.05 91.1814 7323.49 85.5774
-0.654503 8008.22 89.4886 7159.91 84.6162
-0.392699 4038.17 63.5466 2394.41 48.9327
0.392699 9267.77 96.2692 6196.87 78.7202
0.654503 8505.57 92.2256 4756.89 68.9702
0.916292 7340.79 85.6784 6978.03 83.5346
1.17809 7527.5 86.7612 6703.8 81.8768
1.4399 7780.71 88.2083 5861.76 76.5622
1.70169 5989.02 77.3887 6579.83 81.1162
1.9635 9194.43 95.8876 6022.93 77.6075
2.2253 5670.94 75.3057 5322.86 72.9579
2.48709 3481.7 59.006 3165.44 56.2623
2.74889 4082.47 63.8942 6840.5 82.7073
3.01069 8945.93 94.5829 11664.2 108.001
