-3.01069 4565.01 67.5649 6872.36 82.8997
-2.74889 3853.12 62.0735 5448.55 73.8143
-2.48709 2907.13 53.9178 5068.3 71.192
-2.22529 3415.94 58.4461 5881.62 76.6917
-1.96349 3006.58 54.8323 4303.36 65.6
-1.70169 3264.38 57.1347 5028.11 70.9092
-1.4399 2536.12 50.3599 5043.21 71.0156
-1.17809 3632.54 60.2706 5350.86 73.1496
-0.916292 3283.57 57.3025 5885.26 76.7154
-0.654503 2832.7 53.2231 5144.32 71.7239
-0.392699 746.464 27.3215 2100.61 45.8324
0.392699 3449.81 58.7351 4858.61 69.7038
0.654503 2564.17 50.6376 5048.76 71.0546
0.916292 3256.08 57.062 5101.2 71.4227
1.17809 3215.5 56.7054 4773.84 69.093
1.4399 1692.72 41.1427 3279.57 57.2676
1.70169 2533.88 50.3376 4479.19 66.9267
1.9635 3074.3 55.4464 5811.97 76.2363
2.2253 2799.99 52.9149 4870.59 69.7896
2.48709 2067.94 45.4746 2791.5 52.8347
2.74889 2654.94 51.5261 4682.09 68.4258
3.01069 4264.57 65.3036 8078.93 89.8829
