-3.01069 2121.37 46.0583 2379.73 48.7824
-2.74889 1166.59 34.1553 958.728 30.9633
-2.48709 880.475 29.6728 945.179 30.7438
-2.22529 780.057 27.9295 1347 36.7015
-1.96349 790.057 28.108 861.246 29.347
-1.70169 857.177 29.2776 983.704 31.364
-1.4399 668.472 25.8548 1095.08 33.092
-1.17809 848.821 29.1345 1501 38.7428
-0.916292 992.84 31.5094 1088.3 32.9894
-0.654503 793.364 28.1667 1046.54 32.3502
-0.392699 23.6985 4.86811 434.723 20.85
0.392699 907.55 30.1256 856.186 29.2607
0.654503 803.796 28.3513 749.626 27.3793
0.916292 881.256 29.686 1073.32 32.7616
1.17809 902.466 30.0411 1068.19 32.6832
1.4399 394.517 19.8625 456.859 21.3743
1.70169 653.483 25.5633 884.302 29.7372
1.9635 901.977 30.0329 1321.59 36.3537
2.2253 851.785 29.1854 1379.14 37.1368
2.48709 70.9487 8.4231 1137.96 33.7337
2.74889 876.211 29.6009 1486.77 38.5587
3.01069 1846.55 42.9715 2704.6 52.0058
