-3.01069 10467 102.308 8200.03 90.554
-2.74889 8894.32 94.3097 7188.01 84.7821
-2.48709 7877.51 88.7553 5378.28 73.3368
-2.22529 8066.7 89.8148 7191.64 84.8035
-1.96349 7380.26 85.9084 4891.31 69.9379
-1.70169 8654.72 93.0308 9273.71 96.3001
-1.4399 8330.13 91.2695 5843.51 76.4428
-1.17809 8403.63 91.6713 7199.55 84.8502
-0.916292 8534.82 92.3841 7400.99 86.029
-0.654503 8251.65 90.8386 7248.83 85.1401
-0.392699 4363.59 66.0574 2363.4 48.6148
0.392699 9684.73 98.411 6140.8 78.3632
0.654503 9043.58 95.0978 4614.68 67.9314
0.916292 7578.47 87.0544 7043.15 83.9235
1.17809 7691.37 87.7005 6829.35 82.6399
1.4399 8137.01 90.2054 5918.98 76.9349
1.70169 6226.11 78.9057 6749.08 82.1528
1.9635 9603.71 97.9985 6019.44 77.5851
2.2253 5773.34 75.9825 5397.94 73.4707
2.48709 3659.42 60.4932 3169.07 56.2945
2.74889 4330.92 65.8098 6893.7 83.0283
3.01069 9307.63 96.4761 11889 109.037
