-3.01069 2037.11 45.1344 1383.82 37.1997
-2.74889 2626.81 51.2524 1202.22 34.673
-2.48709 1943.08 44.0804 1281.9 35.8036
-2.22529 2158.07 46.455 1318.29 36.3083
-1.96349 1474.68 38.4016 1016.82 31.8876
-1.70169 1876.83 43.3224 1170.93 34.2188
-1.4399 1675.66 40.9348 1004.64 31.696
-1.17809 2312.67 48.0903 1195.88 34.5815
-0.916292 1740.74 41.7221 1076.02 32.8028
-0.654503 1939.03 44.0344 1250.39 35.3609
-0.392699 1017.13 31.8924 398.558 19.9639
0.392699 2704.54 52.0052 1498.11 38.7054
0.654503 2420.74 49.201 1312.81 36.2328
0.916292 2119.41 46.037 1045.55 32.335
1.17809 2002.55 44.7499 1231.2 35.0885
1.4399 2196.31 46.8648 1056.29 32.5006
1.70169 1698.11 41.2082 1136.56 33.7129
1.9635 2295.13 47.9075 1133.73 33.6709
2.2253 1667.33 40.8329 986.86 31.4143
2.48709 664.658 25.781 584.874 24.1842
2.74889 1272.06 35.666 384.537 19.6096
3.01069 2263.63 47.5776 555.85 23.5765
