-3.01069 11344.6 106.511 9535.26 97.6487
-2.74889 9425.75 97.0863 8320.06 91.2144
-2.48709 8585.71 92.6591 6141.95 78.3706
-2.22529 8522.96 92.3199 8255.92 90.8621
-1.96349 7978.92 89.3248 5551.55 74.5087
-1.70169 9021.92 94.9838 10827.5 104.055
-1.4399 8986.26 94.7959 6763.89 82.2429
-1.17809 8818.84 93.9087 8396.99 91.6351
-0.916292 8902.28 94.3519 8569.55 92.5719
-0.654503 8628.55 92.89 8429.48 91.8122
-0.392699 4810.32 69.3565 2668.66 51.659
0.392699 10471.6 102.331 6964.72 83.4549
0.654503 9925.15 99.6251 5057.16 71.1137
0.916292 7940.43 89.1091 8162.3 90.3454
1.17809 8067.43 89.8189 7992.73 89.4021
1.4399 8834.78 93.9935 6848.82 82.7576
1.70169 6559.31 80.9896 7972.29 89.2877
1.9635 10403.8 101.999 6885.91 82.9814
2.2253 6086.84 78.0182 6304.61 79.4016
2.48709 3996.34 63.2166 3648.16 60.4
2.74889 4614.38 67.9293 7951.06 89.1687
3.01069 10128.7 100.641 13906 117.924
