-3.01069 7489.05 86.5393 4208.34 64.8718
-2.74889 6371.21 79.8199 4599.16 67.8171
-2.48709 6551.14 80.9391 2303.01 47.9897
-2.22529 6442.32 80.2641 3607.47 60.0622
-1.96349 4964.65 70.4603 3310.93 57.5407
-1.70169 7548.92 86.8845 2340.93 48.3832
-1.4399 4872.41 69.8027 3923.56 62.6384
-1.17809 5880.09 76.6818 4416.96 66.4602
-0.916292 5374.37 73.3101 4100.5 64.0351
-0.654503 5522.66 74.3146 4404.58 66.367
-0.392699 2788.77 52.8088 1610.82 40.1351
0.392699 6311.35 79.444 5319.06 72.9319
0.654503 7085.2 84.1736 3040.11 55.1372
0.916292 5266.26 72.569 3852.47 62.0682
1.17809 6289.96 79.3093 3407.57 58.3744
1.4399 4220.4 64.9646 3897.73 62.4318
1.70169 4906.78 70.0484 3904.12 62.483
1.9635 5952.45 77.1521 4099.42 64.0267
2.2253 4057.36 63.6974 3939.06 62.7619
2.48709 2041.3 45.1807 1561.69 39.5182
2.74889 3309.01 57.524 3115.28 55.8147
3.01069 6295.12 79.3418 5216.96 72.2285
