-3.01069 2427.02 49.2647 2764.99 52.5831
-2.74889 1176.83 34.3049 1137.42 33.7256
-2.48709 951.907 30.853 1104.31 33.2312
-2.22529 752.893 27.4389 1530.47 39.1212
-1.96349 667.418 25.8344 1068.98 32.6953
-1.70169 903.806 30.0634 1121.54 33.4895
-1.4399 721.516 26.8611 1232.52 35.1072
-1.17809 826.423 28.7476 1714.12 41.4019
-0.916292 1088.4 32.9909 1287.23 35.8779
-0.654503 906.064 30.1009 1209.97 34.7846
-0.392699 35.0086 5.9168 492.045 22.1821
0.392699 1024.22 32.0034 1068.97 32.6951
0.654503 865.436 29.4183 902.384 30.0397
0.916292 982.9 31.3512 1227.13 35.0304
1.17809 967.464 31.1041 1312.54 36.229
1.4399 504.991 22.472 549.72 23.4461
1.70169 696 26.3818 1017.42 31.8971
1.9635 954.897 30.9014 1593.31 39.9163
2.2253 722.708 26.8832 1706.49 41.3097
2.48709 53.0269 7.28196 1351.16 36.7581
2.74889 1043.79 32.3078 1861.82 43.1488
3.01069 1915.61 43.7677 3182.85 56.4168
