-3.01069 4277.93 65.4059 6441.18 80.257
-2.74889 3476.94 58.9656 5200.87 72.1171
-2.48709 2521.61 50.2157 4942.66 70.3041
-2.22529 2983.9 54.6251 5637.14 75.0809
-1.96349 2662.13 51.5958 4260.3 65.2709
-1.70169 3116.51 55.8257 4892.78 69.9484
-1.4399 2208.28 46.9923 4781.66 69.1496
-1.17809 3369.33 58.0459 5263.88 72.5526
-0.916292 3055.26 55.2744 5773.01 75.9804
-0.654503 2755 52.4881 5013.01 70.8026
-0.392699 625.785 25.0157 1889.83 43.4722
0.392699 3127.71 55.926 4907.44 70.0531
0.654503 2509.03 50.0902 4760.28 68.9948
0.916292 2899.24 53.8446 5115.02 71.5194
1.17809 3009.02 54.8545 4733.37 68.7995
1.4399 1504.37 38.7862 3234.42 56.8719
1.70169 2360.08 48.5807 4080.89 63.8818
1.9635 3075.39 55.4562 5538.44 74.4207
2.2253 2591.52 50.907 4535.96 67.3495
2.48709 1807.5 42.5147 2807.51 52.986
2.74889 2374.5 48.7288 4494.29 67.0395
3.01069 3863.52 62.1572 8200.2 90.555
