-3.01069 6954.43 83.3932 3345.61 57.8413
-2.74889 5994.85 77.4264 3740.39 61.1587
-2.48709 5806.61 76.2011 1900.46 43.5943
-2.22529 5920.91 76.9475 2951.53 54.3279
-1.96349 4476.06 66.9034 2747.86 52.42
-1.70169 6672.24 81.6838 1900.51 43.5948
-1.4399 4574.36 67.634 3199.02 56.5599
-1.17809 5525.95 74.3367 3616.25 60.1353
-0.916292 5068.07 71.1904 3409.39 58.39
-0.654503 5237.88 72.3732 3609.46 60.0788
-0.392699 2466.95 49.6684 1306.66 36.1477
0.392699 5943.47 77.0939 4351.04 65.9624
0.654503 6467.49 80.4207 2517.78 50.1775
0.916292 4919.45 70.1388 3144.17 56.0729
1.17809 5760.33 75.8969 2759.74 52.5332
1.4399 3871.9 62.2246 3191.9 56.4969
1.70169 4511.57 67.1682 3178.82 56.3811
1.9635 5541.54 74.4415 3320.51 57.6238
2.2253 3839.51 61.9638 3241.19 56.9314
2.48709 1867.62 43.2159 1282.97 35.8186
2.74889 3007.56 54.8412 2479.88 49.7984
3.01069 5829.22 76.3494 4119.23 64.1812
