-3.01069 6726.78 82.0169 3723.57 61.021
-2.74889 6094.7 78.0686 4047.15 63.6172
-2.48709 6176.5 78.5907 1987.92 44.5861
-2.22529 6108.19 78.1549 3142.25 56.0558
-1.96349 4816.18 69.3987 2878.37 53.6504
-1.70169 7005.81 83.7007 2036.71 45.1299
-1.4399 4625.65 68.0121 3454.16 58.7721
-1.17809 5674.59 75.3299 3872.63 62.2305
-0.916292 5163.13 71.8549 3566.63 59.7213
-0.654503 5225.01 72.2843 3867.63 62.1903
-0.392699 2725.15 52.203 1424.14 37.7378
0.392699 6086.17 78.0139 4668.08 68.3233
0.654503 6746.07 82.1345 2620.87 51.1944
0.916292 5006.2 70.7545 3376.75 58.1098
1.17809 5941.29 77.0798 2987.77 54.6605
1.4399 4082.89 63.8975 3425.09 58.5242
1.70169 4721.28 68.7116 3435.97 58.6172
1.9635 5729.75 75.6951 3609.52 60.0793
2.2253 3853.56 62.077 3454.47 58.7748
2.48709 1926.08 43.8872 1366.49 36.9661
2.74889 3110.59 55.7727 2765.5 52.588
3.01069 5800.57 76.1615 4645.68 68.1592
