-3.01069 10507.9 102.508 8574.69 92.5996
-2.74889 8744.54 93.5122 7456.19 86.3492
-2.48709 7575.74 87.0387 5463.96 73.9186
-2.22529 7951.17 89.1693 7221.33 84.9784
-1.96349 7598.07 87.1669 4755.18 68.9578
-1.70169 8463.62 91.9979 9595.02 97.9542
-1.4399 8383.52 91.5616 5890.75 76.7512
-1.17809 8465.66 92.009 7476.11 86.4645
-0.916292 8716.45 93.3619 7577.97 87.0516
-0.654503 8010.74 89.5027 7417.76 86.1264
-0.392699 4735.16 68.8125 2270.67 47.6515
0.392699 9862.9 99.3122 6326.54 79.5395
0.654503 9741.38 98.6984 4466.69 66.8333
0.916292 7629.01 87.3442 7209.86 84.9109
1.17809 7750.1 88.0347 7009.35 83.7219
1.4399 8136.53 90.2027 6269.36 79.1793
1.70169 6241.76 79.0048 6904.41 83.0928
1.9635 9936.48 99.6819 6154.45 78.4503
2.2253 5814.93 76.2557 5526.28 74.339
2.48709 3461.91 58.838 3332.93 57.7316
2.74889 4613.14 67.9201 7174.61 84.7031
3.01069 10101.7 100.507 12161.5 110.279
