-3.01069 2201.12 46.9161 2408 49.0714
-2.74889 1117.55 33.4297 978.806 31.2859
-2.48709 906.874 30.1144 967.787 31.1093
-2.22529 727.092 26.9646 1352.4 36.7749
-1.96349 636.868 25.2362 940.376 30.6655
-1.70169 852.634 29.1999 983.125 31.3548
-1.4399 683.162 26.1374 1089.24 33.0036
-1.17809 783.528 27.9916 1519.25 38.9776
-0.916292 1039.83 32.2465 1124.5 33.5336
-0.654503 855.085 29.2418 1066.49 32.6572
-0.392699 35.0068 5.91666 447.779 21.1608
0.392699 973.146 31.1953 924.201 30.4007
0.654503 812.486 28.5041 787.475 28.062
0.916292 938.63 30.6371 1073.09 32.7581
1.17809 918.779 30.3114 1145.43 33.8442
1.4399 475.918 21.8155 475.69 21.8103
1.70169 660.291 25.6961 888.999 29.8161
1.9635 894.22 29.9035 1400.98 37.4296
2.2253 689.472 26.2578 1503.08 38.7696
2.48709 49.5475 7.039 1193.97 34.5539
2.74889 979.647 31.2993 1613.34 40.1663
3.01069 1768.68 42.0557 2779.85 52.7243
