-3.01069 6951.9 83.3781 3524.54 59.3678
-2.74889 6143.7 78.3817 3895.23 62.4117
-2.48709 6089.73 78.0367 1942.52 44.074
-2.22529 6117.47 78.2143 3044.92 55.1808
-1.96349 4725.91 68.7453 2817.49 53.0801
-1.70169 6944.84 83.3357 1963.8 44.3148
-1.4399 4676.95 68.3883 3329.48 57.7017
-1.17809 5690.09 75.4327 3747.6 61.2176
-0.916292 5197.73 72.0953 3494.86 59.1174
-0.654503 5317.73 72.9228 3743.22 61.1819
-0.392699 2641.29 51.3935 1366.51 36.9663
0.392699 6110.84 78.1718 4513.54 67.1829
0.654503 6720.04 81.9758 2568.22 50.6776
0.916292 5046.49 71.0386 3261.14 57.1064
1.17809 5950.9 77.1421 2870.34 53.5755
1.4399 4044.47 63.5961 3312.7 57.5561
1.70169 4694.56 68.5168 3309.28 57.5263
1.9635 5728.96 75.6899 3464.13 58.8569
2.2253 3909.73 62.5278 3353.56 57.9099
2.48709 1929.27 43.9235 1326.07 36.4153
2.74889 3111 55.7763 2618.07 51.1671
3.01069 5913.53 76.8995 4370.84 66.1123
