-3.01069 10108.9 100.543 8504.6 92.2204
-2.74889 8470.09 92.0331 7368.75 85.8414
-2.48709 7481.54 86.4959 5331.91 73.0199
-2.22529 7730.29 87.9221 7080.46 84.1454
-1.96349 7524.28 86.7426 4612.12 67.9126
-1.70169 8114.43 90.0801 9558.41 97.7671
-1.4399 8124.89 90.1381 5818.27 76.2776
-1.17809 8158.75 90.3258 7437.39 86.2403
-0.916292 8355.32 91.4074 7491.95 86.556
-0.654503 7709.93 87.8062 7363.54 85.8111
-0.392699 4764.13 69.0227 2191.55 46.814
0.392699 9638.88 98.1778 6130.22 78.2957
0.654503 9675.28 98.363 4186.19 64.7008
0.916292 7355.42 85.7638 7132.98 84.4569
1.17809 7392.84 85.9816 6993.75 83.6287
1.4399 7963.8 89.2401 6191.66 78.6871
1.70169 6059.1 77.8402 6945.47 83.3395
1.9635 9713.72 98.5582 6011.25 77.5323
2.2253 5532.01 74.3775 5500.18 74.1632
2.48709 3406.62 58.3662 3273.75 57.2167
2.74889 4565.99 67.5721 7077.33 84.1269
3.01069 9856.5 99.2799 12145.5 110.206
