-3.01069 1943.42 44.0842 2052.17 45.3009
-2.74889 1050.59 32.4128 823.734 28.7008
-2.48709 849.404 29.1445 832.086 28.8459
-2.22529 685.311 26.1784 1173.28 34.2531
-1.96349 602.923 24.5545 811.62 28.489
-1.70169 788.662 28.0831 845.548 29.0783
-1.4399 630.028 25.1004 945.25 30.7449
-1.17809 724.067 26.9085 1322.26 36.3628
-0.916292 980.246 31.3089 963.227 31.0359
-0.654503 788.171 28.0744 922.891 30.3791
-0.392699 35.0086 5.9168 400.155 20.0039
0.392699 915.154 30.2515 782.146 27.9669
0.654503 755.824 27.4923 673.945 25.9605
0.916292 884.404 29.7389 920.129 30.3336
1.17809 862.858 29.3745 979.175 31.2918
1.4399 440.341 20.9843 403.182 20.0794
1.70169 608.431 24.6664 761.521 27.5957
1.9635 822.103 28.6723 1208.96 34.7701
2.2253 639.419 25.2867 1299.02 36.0419
2.48709 41.4112 6.43515 1035.56 32.1801
2.74889 907.851 30.1306 1368.44 36.9925
3.01069 1578.72 39.7331 2378.38 48.7686
