-3.01069 1999.59 44.7168 1508.84 38.8437
-2.74889 2621.64 51.2019 1279.11 35.7646
-2.48709 2045.76 45.23 1325.98 36.414
-2.22529 2134.09 46.1963 1424.19 37.7385
-1.96349 1769.18 42.0616 984.276 31.3732
-1.70169 1971.74 44.4042 1192.81 34.5372
-1.4399 1725.62 41.5406 1034.92 32.1701
-1.17809 2481.11 49.8107 1318.71 36.314
-0.916292 1929.61 43.9273 1106.5 33.264
-0.654503 2038.51 45.1498 1315.65 36.2718
-0.392699 1078.71 32.8438 442.731 21.0412
0.392699 2658.45 51.5602 1663.94 40.7915
0.654503 2494.08 49.9407 1415.87 37.6281
0.916292 2123.86 46.0853 1169.52 34.1982
1.17809 2084.72 45.6588 1429.15 37.8041
1.4399 2274.91 47.696 1122.59 33.505
1.70169 1820.54 42.6678 1231.93 35.0989
1.9635 2330.88 48.2792 1209.44 34.7771
2.2253 1774.91 42.1296 1110.22 33.32
2.48709 708.375 26.6153 599.745 24.4897
2.74889 1321.25 36.349 434.668 20.8487
3.01069 2375.35 48.7376 556.192 23.5837
