-3.01069 2091.25 45.7302 1798.33 42.4067
-2.74889 2709.44 52.0523 1528.31 39.0936
-2.48709 2114.36 45.9821 1567.58 39.5927
-2.22529 2195.31 46.8542 1683.95 41.0359
-1.96349 1832.79 42.8111 1164.52 34.125
-1.70169 2033.78 45.0975 1418.44 37.6622
-1.4399 1780.26 42.1931 1231.62 35.0944
-1.17809 2557.85 50.5752 1558.8 39.4816
-0.916292 1986.36 44.5686 1305.46 36.1312
-0.654503 2105.99 45.891 1563.46 39.5406
-0.392699 1124.65 33.5358 538.404 23.2035
0.392699 2738.06 52.3265 1967.09 44.3518
0.654503 2566.12 50.6568 1674.09 40.9156
0.916292 2203.2 46.9383 1392.11 37.3109
1.17809 2155.19 46.424 1690.89 41.1204
1.4399 2362.14 48.6019 1344.68 36.6699
1.70169 1887.14 43.4412 1462.99 38.2491
1.9635 2408.25 49.0739 1439.56 37.9415
2.2253 1830.88 42.7888 1315.36 36.2678
2.48709 729.496 27.0092 709.129 26.6295
2.74889 1404.18 37.4724 525.613 22.9263
3.01069 2612.78 51.1153 671.431 25.912
