-3.01069 2502.08 50.0208 3120.03 55.8572
-2.74889 1137.6 33.7283 1298.21 36.0307
-2.48709 929.603 30.4894 1240.82 35.2253
-2.22529 741.632 27.2329 1706.61 41.3111
-1.96349 640.637 25.3108 1196.72 34.5937
-1.70169 892.048 29.8672 1260.03 35.4968
-1.4399 717.907 26.7938 1374.37 37.0725
-1.17809 820.832 28.6502 1905.93 43.657
-0.916292 1054.57 32.4741 1450.32 38.0831
-0.654503 899.478 29.9913 1352.56 36.7771
-0.392699 30.318 5.50618 533.304 23.0934
0.392699 990.071 31.4654 1215.36 34.862
0.654503 842.554 29.0268 1018.03 31.9066
0.916292 952.811 30.8676 1381.26 37.1653
1.17809 936.966 30.6099 1479.29 38.4615
1.4399 497.712 22.3095 624.778 24.9956
1.70169 694.705 26.3573 1145.93 33.8516
1.9635 945.71 30.7524 1784.88 42.2479
2.2253 718.694 26.8085 1908.09 43.6817
2.48709 54.0213 7.34992 1506.34 38.8116
2.74889 1022.39 31.9749 2111.61 45.9523
3.01069 1958.42 44.2541 3584.11 59.8674
