-3.01069 4174.76 64.6124 5271.08 72.6022
-2.74889 3414.73 58.4357 4392.39 66.2751
-2.48709 2701.27 51.9737 3983.35 63.1138
-2.22529 3111.06 55.7769 4483.76 66.9609
-1.96349 2809.84 53.0079 3371.59 58.0654
-1.70169 3282.9 57.2966 3846.12 62.0171
-1.4399 2419.69 49.1904 3768.77 61.3903
-1.17809 3607.85 60.0654 4104.95 64.0699
-0.916292 3186.78 56.4516 4589.97 67.7493
-0.654503 2992.56 54.7043 3994.04 63.1984
-0.392699 689.486 26.2581 1774.04 42.1194
0.392699 3300.76 57.4522 3858.82 62.1194
0.654503 2624.55 51.2304 4098.54 64.0198
0.916292 3086.27 55.5542 4035.77 63.5277
1.17809 3011.45 54.8767 3744.13 61.1893
1.4399 1698.43 41.212 2541.7 50.4153
1.70169 2415.9 49.1519 3504.73 59.2008
1.9635 3317.75 57.5999 4412.44 66.4262
2.2253 2737.28 52.3191 3678.18 60.648
2.48709 2249.84 47.4325 1898.98 43.5773
2.74889 2621.98 51.2053 3668.91 60.5715
3.01069 4072.76 63.8182 6430.83 80.1924
