-3.01069 4387.23 66.2362 6292.71 79.3266
-2.74889 3576.29 59.8021 5155.54 71.8021
-2.48709 2664.97 51.6233 4821.49 69.4369
-2.22529 3126.32 55.9135 5440.51 73.7598
-1.96349 2806.92 52.9803 4098.23 64.0174
-1.70169 3283.66 57.3032 4695.28 68.5221
-1.4399 2356.1 48.5397 4603.71 67.8507
-1.17809 3570.25 59.7515 5023.15 70.8742
-0.916292 3201.34 56.5804 5568.59 74.623
-0.654503 2926.34 54.0956 4873.01 69.8069
-0.392699 668.639 25.8581 1922.43 43.8456
0.392699 3297.66 57.4252 4731.86 68.7885
0.654503 2626.02 51.2447 4755.74 68.9619
0.916292 3060.69 55.3235 4944.18 70.3149
1.17809 3114.06 55.8037 4548.58 67.4432
1.4399 1624.72 40.3078 3124.83 55.9002
1.70169 2461.41 49.6126 4074.81 63.8343
1.9635 3261.3 57.1078 5372.73 73.2989
2.2253 2729.43 52.2439 4458.38 66.7711
2.48709 2039.05 45.1558 2504.06 50.0406
2.74889 2543.76 50.4357 4393.58 66.2841
3.01069 4050.6 63.6443 7862.33 88.6698
