-3.01069 7304.24 85.4648 4456.95 66.7604
-2.74889 6342.05 79.637 4771.38 69.0752
-2.48709 6619.2 81.3585 2358.51 48.5645
-2.22529 6435.78 80.2233 3723.75 61.0226
-1.96349 5022.17 70.8673 3376.4 58.1068
-1.70169 7600.16 87.1789 2434.59 49.3416
-1.4399 4840.18 69.5714 4063.35 63.7444
-1.17809 5870.63 76.62 4556.15 67.4993
-0.916292 5354.53 73.1746 4175.86 64.6209
-0.654503 5465.98 73.9323 4542.11 67.3952
-0.392699 2842.34 53.3136 1675.51 40.933
0.392699 6296.75 79.3521 5490.79 74.0999
0.654503 7102.27 84.275 3103.22 55.7066
0.916292 5239.87 72.387 3984.65 63.1241
1.17809 6283.17 79.2665 3548.99 59.5734
1.4399 4243.91 65.1453 4021.9 63.4185
1.70169 4923.6 70.1684 4047.62 63.6209
1.9635 5952.49 77.1524 4267.98 65.3297
2.2253 4023.39 63.4302 4048.42 63.6272
2.48709 2039.05 45.1559 1606.73 40.084
2.74889 3308.71 57.5214 3292.05 57.3764
3.01069 6208.54 78.7943 5552.99 74.5184
