-3.01069 1814.11 42.5923 1728.5 41.5753
-2.74889 2533.51 50.334 1461.81 38.2337
-2.48709 2037.25 45.1359 1465.83 38.2862
-2.22529 2097.04 45.7934 1552.12 39.397
-1.96349 1782.83 42.2236 1077.68 32.828
-1.70169 1930.06 43.9325 1348.34 36.7197
-1.4399 1675.9 40.9377 1178.92 34.3354
-1.17809 2440.14 49.3978 1443.31 37.9909
-0.916292 1861.98 43.1507 1196.48 34.5902
-0.654503 1922.74 43.8491 1488.54 38.5816
-0.392699 1087.78 32.9815 550.185 23.456
0.392699 2605.91 51.0481 1820.62 42.6688
0.654503 2454.07 49.5386 1539.58 39.2375
0.916292 2073.42 45.5348 1303.5 36.104
1.17809 2065.09 45.4433 1576.7 39.7077
1.4399 2237.27 47.2998 1294.67 35.9815
1.70169 1811.89 42.5663 1392.23 37.3126
1.9635 2301.51 47.9741 1358.76 36.8614
2.2253 1753.12 41.8703 1230.36 35.0765
2.48709 700.798 26.4726 660.252 25.6954
2.74889 1295.94 35.9992 514.527 22.6832
3.01069 2414.09 49.1334 644.381 25.3847
