-3.01069 1992.65 44.6392 1408.64 37.5319
-2.74889 2541.5 50.4133 1199.52 34.6341
-2.48709 1954.29 44.2073 1255.2 35.4288
-2.22529 2056.57 45.3494 1359.92 36.8771
-1.96349 1678.23 40.9663 937.745 30.6226
-1.70169 1901.24 43.6032 1120.33 33.4713
-1.4399 1670.13 40.8673 968.104 31.1144
-1.17809 2387.47 48.8617 1255.68 35.4356
-0.916292 1875.03 43.3016 1059.21 32.5455
-0.654503 1999.5 44.7158 1234.06 35.1292
-0.392699 1020.88 31.9512 398.942 19.9735
0.392699 2563.36 50.6296 1584.86 39.8103
0.654503 2401.69 49.007 1353.76 36.7934
0.916292 2046.45 45.2377 1109.42 33.3079
1.17809 1996.59 44.6832 1355.58 36.8182
1.4399 2183.09 46.7235 1049.77 32.4001
1.70169 1737.72 41.686 1155.65 33.9948
1.9635 2236.42 47.2908 1141.6 33.7876
2.2253 1703.65 41.2752 1051.53 32.4274
2.48709 680.038 26.0775 569.243 23.8588
2.74889 1267.39 35.6005 404.412 20.11
3.01069 2254.95 47.4863 524.082 22.8928
