-3.01069 11570.7 107.567 9949.72 99.7483
-2.74889 9232.84 96.0877 8663.07 93.0756
-2.48709 7966.35 89.2544 6410.39 80.0649
-2.22529 8321.48 91.2221 8430.21 91.8162
-1.96349 7889.15 88.8209 5617.54 74.9503
-1.70169 8932.9 94.514 11069.6 105.212
-1.4399 9027.51 95.0132 6855.68 82.7991
-1.17809 8922.23 94.4575 8646.03 92.984
-0.916292 9209.05 95.9638 8801.95 93.8187
-0.654503 8431.14 91.8212 8600.28 92.7377
-0.392699 4876.89 69.8348 2693.96 51.9034
0.392699 10479.2 102.368 7483.81 86.509
0.654503 10212.8 101.058 5390.03 73.4168
0.916292 8023.41 89.5735 8384.07 91.5646
1.17809 8303.04 91.121 8089.15 89.9397
1.4399 8663.06 93.0756 7290.33 85.3835
1.70169 6530.77 80.8132 7922.65 89.0093
1.9635 10574.5 102.832 7226.28 85.0075
2.2253 6298.72 79.3645 6407.66 80.0479
2.48709 3673.21 60.607 3908.11 62.5149
2.74889 4738.09 68.8338 8338.75 91.3168
3.01069 10851.6 104.171 14006.4 118.349
