-3.01069 10598.6 102.95 8536.8 92.3948
-2.74889 8724.21 93.4035 7445.42 86.2869
-2.48709 7417.88 86.1271 5519.73 74.2949
-2.22529 7904.51 88.9073 7252.29 85.1604
-1.96349 7416.21 86.1174 4840.19 69.5715
-1.70169 8528.41 92.3494 9502.8 97.4823
-1.4399 8373.24 91.5054 5886.69 76.7248
-1.17809 8487.86 92.1296 7418.35 86.1299
-0.916292 8784.28 93.7245 7565.04 86.9773
-0.654503 8042.68 89.681 7388.12 85.9542
-0.392699 4546.99 67.4313 2323.78 48.2056
0.392699 9761.71 98.8013 6445.81 80.2858
0.654503 9484.29 97.3873 4668.69 68.3278
0.916292 7646.11 87.442 7203.43 84.873
1.17809 7847.56 88.5864 6935.29 83.2784
1.4399 8043.84 89.6874 6262.71 79.1373
1.70169 6214.85 78.8343 6780.97 82.3467
1.9635 9835 99.1716 6214.08 78.8295
2.2253 5906.8 76.8557 5489.08 74.0884
2.48709 3404.98 58.3522 3355.87 57.9298
2.74889 4508.22 67.1433 7187.97 84.7819
3.01069 10026.7 100.133 12035.6 109.707
