-3.01069 4692.14 68.4992 6968.38 83.4768
-2.74889 3774.26 61.435 5727.99 75.6835
-2.48709 2756.72 52.5045 5213.71 72.206
-2.22529 3241.89 56.9376 5890.83 76.7518
-1.96349 2962.03 54.4245 4441.05 66.6412
-1.70169 3461.95 58.8383 5096.12 71.3871
-1.4399 2452.06 49.5183 4994.8 70.6739
-1.17809 3754.73 61.2759 5455.6 73.862
-0.916292 3318.84 57.6094 6027.54 77.6372
-0.654503 3027.82 55.0257 5286.32 72.7071
-0.392699 693.412 26.3327 2147.6 46.3422
0.392699 3480.2 58.9932 5147.56 71.7465
0.654503 2702.88 51.9892 5292.76 72.7514
0.916292 3180.68 56.3975 5374.8 73.3131
1.17809 3314.15 57.5687 4926.33 70.1879
1.4399 1694.03 41.1586 3401.71 58.3242
1.70169 2585.39 50.8468 4528.08 67.291
1.9635 3386.26 58.1916 5825.04 76.3219
2.2253 2839.38 53.2858 4825.56 69.4662
2.48709 2187.5 46.7707 2807.51 52.986
2.74889 2705.04 52.01 4867.16 69.765
3.01069 4442.3 66.6506 8534.43 92.382
