-3.01069 4352.12 65.9706 5858.51 76.5409
-2.74889 3555.33 59.6266 4852.66 69.6611
-2.48709 2721.69 52.1699 4411.14 66.4164
-2.22529 3167.49 56.2804 4971.28 70.5073
-1.96349 2856.33 53.4447 3741.58 61.1685
-1.70169 3339.26 57.7863 4278.32 65.4089
-1.4399 2423.66 49.2307 4194.64 64.766
-1.17809 3649.45 60.4107 4572.57 67.6208
-0.916292 3243.88 56.9551 5089.17 71.3385
-0.654503 3000.47 54.7766 4441.82 66.647
-0.392699 688.477 26.2389 1887.39 43.4442
0.392699 3355.56 57.9272 4301.89 65.5888
0.654503 2662.19 51.5964 4511.44 67.1673
0.916292 3121.16 55.8673 4497.39 67.0626
1.17809 3114.79 55.8103 4154.32 64.454
1.4399 1685.36 41.0531 2837.81 53.2711
1.70169 2480.11 49.8007 3858.75 62.1188
1.9635 3338.81 57.7825 4901.5 70.0107
2.2253 2776.76 52.695 4075.66 63.8409
2.48709 2182.34 46.7155 2200.65 46.911
2.74889 2627.01 51.2544 4080.32 63.8774
3.01069 4122.11 64.2036 7160.5 84.6197
