-3.01069 4665 68.3008 6425.1 80.1567
-2.74889 3759.67 61.3162 5298.22 72.7889
-2.48709 2785.36 52.7765 4821.49 69.4369
-2.22529 3264.82 57.1386 5440.51 73.7598
-1.96349 2994.43 54.7214 4098.23 64.0174
-1.70169 3498.14 59.1451 4695.28 68.5221
-1.4399 2487.69 49.8768 4603.71 67.8507
-1.17809 3804.38 61.6797 5023.15 70.8742
-0.916292 3342.43 57.8137 5568.59 74.623
-0.654503 3063.72 55.3509 4873.01 69.8069
-0.392699 702.945 26.5131 2053.24 45.3127
0.392699 3518.19 59.3143 4731.86 68.7885
0.654503 2720.62 52.1595 4909.74 70.0695
0.916292 3214.14 56.6934 4944.18 70.3149
1.17809 3313.75 57.5652 4548.58 67.4432
1.4399 1723.45 41.5145 3124.83 55.9002
1.70169 2597.83 50.969 4200.07 64.8079
1.9635 3427.3 58.5431 5372.73 73.2989
2.2253 2865.91 53.5342 4458.38 66.7711
2.48709 2266.11 47.6037 2504.06 50.0406
2.74889 2762.21 52.5567 4480.24 66.9346
3.01069 4505.06 67.1197 7862.33 88.6698
