-3.01069 2391.11 48.899 2764.99 52.5831
-2.74889 1146.49 33.8598 1137.42 33.7256
-2.48709 933.264 30.5494 1104.31 33.2312
-2.22529 744.815 27.2913 1530.47 39.1212
-1.96349 649.346 25.4823 1068.98 32.6953
-1.70169 887.044 29.7833 1121.54 33.4895
-1.4399 712.063 26.6845 1232.52 35.1072
-1.17809 815.318 28.5538 1714.12 41.4019
-0.916292 1064.28 32.6233 1287.23 35.8779
-0.654503 891.979 29.866 1209.96 34.7844
-0.392699 34.7909 5.89838 492.045 22.1821
0.392699 998.044 31.5918 1068.97 32.6951
0.654503 841.672 29.0116 902.384 30.0397
0.916292 961.194 31.0031 1227.13 35.0304
1.17809 943.409 30.715 1312.54 36.229
1.4399 495.053 22.2498 549.72 23.4461
1.70169 688.458 26.2385 1017.42 31.8971
1.9635 935.697 30.5892 1593.31 39.9163
2.2253 715.095 26.7413 1706.49 41.3097
2.48709 53.0269 7.28196 1351.16 36.7581
2.74889 1018.13 31.9082 1861.82 43.1488
3.01069 1896.12 43.5444 3182.85 56.4168
