-3.01069 1939.93 44.0446 1615.4 40.192
-2.74889 2618.91 51.1752 1366.07 36.9604
-2.48709 2072.29 45.5225 1396.61 37.3712
-2.22529 2146.92 46.3348 1488.55 38.5817
-1.96349 1802.63 42.4574 1031.14 32.1114
-1.70169 1980.98 44.5082 1268.88 35.6214
-1.4399 1727.48 41.563 1105.24 33.2451
-1.17809 2497.93 49.9793 1381.58 37.1695
-0.916292 1925.43 43.8797 1152.58 33.9496
-0.654503 2013.5 44.872 1400.65 37.4253
-0.392699 1100.56 33.1747 493.007 22.2038
0.392699 2672.02 51.6916 1742.93 41.7484
0.654503 2510.67 50.1066 1478.08 38.4458
0.916292 2132.67 46.1808 1233.98 35.1281
1.17809 2106.73 45.8992 1503.21 38.7712
1.4399 2292.49 47.88 1203.54 34.6921
1.70169 1844.52 42.9479 1310.99 36.2075
1.9635 2351.77 48.495 1281.69 35.8007
2.2253 1790.61 42.3156 1170.06 34.2061
2.48709 714.953 26.7386 630.244 25.1047
2.74889 1330.92 36.4817 470.611 21.6936
3.01069 2429.73 49.2923 595.193 24.3966
