-3.01069 11487.3 107.179 9926.87 99.6337
-2.74889 9245.48 96.1534 8618.02 92.8333
-2.48709 8084.77 89.9153 6303.48 79.3944
-2.22529 8351.59 91.387 8325.54 91.2444
-1.96349 8017.78 89.5421 5493.52 74.1183
-1.70169 8890.25 94.2881 11094.9 105.332
-1.4399 9032.76 95.0408 6813.88 82.5462
-1.17809 8907.23 94.3781 8652.18 93.0171
-0.916292 9162.48 95.7208 8759.51 93.5922
-0.654503 8410.04 91.7063 8591.45 92.6901
-0.392699 5012.49 70.799 2623.92 51.2242
0.392699 10554.8 102.736 7310.65 85.5024
0.654503 10408.8 102.024 5116.34 71.5286
0.916292 8011.3 89.5059 8348.04 91.3676
1.17809 8231.26 90.7263 8116.71 90.0928
1.4399 8733.62 93.4539 7246.54 85.1266
1.70169 6547.45 80.9163 8009.96 89.4984
1.9635 10654.4 103.22 7108.57 84.3123
2.2253 6227.55 78.9148 6411.06 80.0691
2.48709 3718.47 60.9792 3863.2 62.1547
2.74889 4803.28 69.3057 8290.46 91.052
3.01069 10911.2 104.457 14077.5 118.648
