-3.01069 6295.04 79.3413 3950.17 62.8504
-2.74889 5845.69 76.4571 4192.33 64.7482
-2.48709 6061.34 77.8546 2037.62 45.14
-2.22529 5893.42 76.7686 3244.21 56.9579
-1.96349 4747.43 68.9016 2927.37 54.1052
-1.70169 6850.73 82.7691 2123.37 46.0801
-1.4399 4419.75 66.4812 3569.36 59.7441
-1.17809 5479.11 74.021 3986.93 63.1422
-0.916292 4961.91 70.4408 3620.19 60.168
-0.654503 4957.08 70.4065 3978.1 63.0722
-0.392699 2718.96 52.1436 1477.89 38.4433
0.392699 5868.4 76.6055 4809.05 69.3473
0.654503 6545.34 80.9033 2676.17 51.7317
0.916292 4798.91 69.2742 3488.66 59.0649
1.17809 5731.88 75.7092 3113.4 55.7978
1.4399 3988.25 63.1526 3524.88 59.3707
1.70169 4592.06 67.7647 3555.84 59.6309
1.9635 5544.37 74.4605 3754.91 61.2774
2.2253 3669.05 60.5727 3539.19 59.4911
2.48709 1858.16 43.1064 1402.91 37.4554
2.74889 3006.36 54.8303 2923.4 54.0685
3.01069 5497.18 74.143 4949.73 70.3543
