-3.01069 10374.5 101.855 8430.86 91.8197
-2.74889 8409.45 91.7031 7369.4 85.8452
-2.48709 7017.18 83.7686 5522.4 74.3129
-2.22529 7590.81 87.1252 7214.78 84.9399
-1.96349 6985.54 83.5795 4879.13 69.8508
-1.70169 8308.19 91.1493 9331.18 96.598
-1.4399 8094.53 89.9696 5833.5 76.3774
-1.17809 8224.9 90.6912 7300.95 85.4456
-0.916292 8557.06 92.5044 7485.83 86.5207
-0.654503 7805.41 88.3483 7297.49 85.4253
-0.392699 4207.89 64.8683 2354.27 48.5208
0.392699 9341.43 96.6511 6504.67 80.6515
0.654503 8920.05 94.446 4812.57 69.3727
0.916292 7406.31 86.0599 7136.82 84.4797
1.17809 7680.36 87.6376 6807.79 82.5093
1.4399 7691.62 87.7019 6202.17 78.7538
1.70169 5978.19 77.3187 6610.93 81.3076
1.9635 9415.86 97.0353 6217.68 78.8523
2.2253 5802.03 76.1711 5412.73 73.5713
2.48709 3239.61 56.9176 3352.03 57.8967
2.74889 4249.59 65.1889 7132.5 84.4541
3.01069 9637.04 98.1684 11808 108.665
