-3.01069 2571.29 50.7079 3120.03 55.8572
-2.74889 1195.25 34.5724 1298.21 36.0307
-2.48709 967.74 31.1085 1240.82 35.2253
-2.22529 761.727 27.5994 1706.61 41.3111
-1.96349 675.128 25.9832 1196.72 34.5937
-1.70169 925.784 30.4267 1260.03 35.4968
-1.4399 738.792 27.1807 1374.37 37.0725
-1.17809 845.331 29.0746 1905.93 43.6569
-0.916292 1103.04 33.212 1450.32 38.0831
-0.654503 929.061 30.4805 1352.56 36.7771
-0.392699 35.0068 5.91666 533.304 23.0934
0.392699 1040 32.249 1215.36 34.862
0.654503 885.543 29.7581 1018.03 31.9066
0.916292 996.605 31.5691 1381.26 37.1653
1.17809 983.075 31.354 1479.29 38.4615
1.4399 517.372 22.7458 624.778 24.9956
1.70169 712.249 26.688 1145.93 33.8516
1.9635 982.844 31.3503 1784.88 42.2479
2.2253 736.852 27.145 1908.09 43.6817
2.48709 54.0216 7.34994 1506.34 38.8116
2.74889 1069.97 32.7104 2111.61 45.9523
3.01069 2001.16 44.7343 3584.11 59.8674
