0 3.30638 214.375 4.0425 1250.83 2760.25 2.02748 112.028 1.51483 629.335 26.3658 1.47022 102.3 1.45791 615.328 25.7518
1 1.79522 130.103 3.63494 5652.8 9205.38 1.35864 68.4134 1.11578 2662.03 164.058 0.804217 61.6109 1.06872 2953.97 163.519
2 8.94856 95.7115 2.42574e-06 192.04 2.42574e-06 3.55909 48.3955 0.933147 159.001 54.4639 4.07526 47.1219 0.918744 37.891 51.5699
3 3.76939 120.83 4.14951 1350.08 1681.93 1.86264 60.8753 1.12966 702.22 48.9372 1.8829 59.1149 1.10682 686.656 47.5777
4 2.91709 126.663 5.58245 580.205 1523.97 1.1635 63.7543 1.1986 284.321 17.0997 2.25117 62.5501 1.18574 294.037 17.022
5 2.36816 83.3389 3.84494 847.683 847.32 1.48684 42.0442 0.937608 406.353 28.7731 1.38162 40.6244 0.924463 455.767 29.0516
6 1.00979 55.8003 4.99966 949.137 122.311 1.0326 27.5852 0.77526 469.863 32.1402 0.738256 28.0338 0.789095 464.085 32.8477
7 4.07763 95.5837 3.79323 919.776 61.5287 2.17995 47.9889 0.959712 456.465 24.0693 2.15681 47.5027 0.944491 451.813 23.4279
8 1.54435 102.467 5.21539 274.419 28.1136 0.805439 50.9733 1.02604 149.498 7.31326 1.2745 51.2159 1.02314 124.235 7.00617
9 2.53142 89.896 7.39732 1113.88 72.2546 1.94198 44.585 1.02401 557.104 28.3338 1.56186 44.9236 1.032 544.993 28.4774
10 2.37877 93.7598 5.11733 1258.31 80.7696 1.8701 47.9151 0.969404 620.316 29.6392 1.25448 45.5123 0.946001 630.516 29.3929
13 4.06617 -53.0295 1.00009 28.3848 1.00009 1.84513 -25.8777 0.834444 127.143 31.4172 1.42308 -25.7358 0.834018 159.886 35.4525
14 3.62647 96.5184 4.88632 2906.54 1449.55 2.09383 49.1885 1.05729 1493.66 87.3782 1.7329 46.8446 1.02975 1428.94 84.8987
15 2.13159 105.236 5.04553 1169.06 97.6264 1.77531 52.1508 1.02551 583.913 28.2368 1.63278 52.6324 1.03388 576.106 28.4389
16 3.70608 118.459 3.92753 536.83 1928.3 1.59797 60.1209 1.13837 265 18.0089 1.94131 57.6475 1.12816 283.735 18.3515
17 2.72401 94.0379 4.2942 2374.48 1044.75 1.32377 47.3206 1.02145 1222.05 84.7867 1.41449 46.5419 1.01036 1145.86 83.1161
18 1.42836 99.38 5.59899 939.931 1694.2 1.19631 50.2172 1.07258 470.05 26.0534 0.913885 48.7451 1.0481 469.968 25.4089
19 1.84828 80.3683 3.98079 2873.64 1239.89 1.74356 40.6156 0.911269 1343.76 82.9515 1.53502 39.2591 0.9032 1498.42 85.0611
20 2.76002 114.613 4.55343 1749.23 1771.58 1.15763 58.484 1.10446 837.137 61.6466 1.76649 55.3941 1.07312 953.44 61.1422
21 1.05754 91.3112 4.67096 116665 206150 0.706176 45.7295 0.983619 60526.9 3050.63 1.0849 45.3164 0.982449 55609.7 3012.74
22 2.60806 98.5992 4.27974e-06 1417.77 4.27974e-06 1.28062 48.751 0.956173 689.815 29.4035 1.68504 49.5616 0.960273 725.354 29.6541
23 5.60053 183.64 2.87532 2123.56 53.638 2.65799 92.806 1.4189 1076.35 36.2935 2.69766 90.5681 1.40262 1045.5 35.8638
