0 20.0944 519.769 5.37844 2740.44 102.819 7.76461 264.144 2.5752 1424.59 23.3035 10.8061 254.282 2.53033 1349.39 22.8533
1 13.8003 329.025 2.89054 1262.34 34.2375 6.54611 166.073 1.86807 655.54 18.2682 5.12337 161.181 1.84797 628.031 18.0935
2 4.19423 193.153 3.28331 1115.58 129.853 1.93277 97.31 1.60782 568.617 15.0235 1.99776 95.8148 1.58729 545.097 14.7461
3 10.934 307.635 4.21651 1449.01 33.6411 4.57803 155.092 2.06993 723.292 16.1886 5.36411 152.408 2.0467 723.439 16.0389
4 5.71008 368.637 6.61965 2412.77 41.8721 2.94687 185.828 2.25896 1210.72 17.7357 2.57285 182.325 2.23719 1203.12 17.6097
5 14.9199 335.92 3.41004 1680.25 37.2256 6.09855 166.838 2.03461 884.856 19.0666 5.57167 167.556 2.0287 815.639 18.7311
6 5.0803 330.888 4.7469 2004.41 43.033 2.4545 168.766 2.17023 1004.82 17.4414 2.78827 161.654 2.12613 999.903 17.2033
7 12.4051 355.983 3.87267 2000.62 39.5755 5.00792 178.441 2.16939 1010.17 19.1322 6.59296 176.899 2.1551 991.288 18.9651
8 16.5518 373.522 3.12457 2066.04 27.3477 6.33582 188.171 2.11719 1031.94 19.5708 6.96091 184.945 2.10141 1045.72 19.5404
9 13.2048 297.71 6.33412 2374.33 42.3831 5.30635 150.3 1.852 1198.25 15.5611 6.20935 147.232 1.83528 1175.06 15.4258
10 6.93907 352.908 4.28043 3026.54 41.6063 3.33066 179.328 2.0227 1487.05 21.6852 3.0157 173.397 1.99591 1537.49 21.7198
13 7.59036 126.531 103.261 1222.35 108.526 3.09167 63.5152 1.18375 616.039 12.1073 3.77437 62.6138 1.16875 607.573 11.9529
14 17.2537 371.689 3.35715 3596.03 45.7132 7.03276 187.731 2.11338 1783.41 32.8248 6.73075 182.418 2.09621 1845.05 32.9771
15 15.0042 392.062 4.14731 2345.41 41.8382 6.00552 197.346 2.18973 1159.89 20.5367 6.60314 193.319 2.1704 1200.55 20.5659
16 13.2382 380.985 4.14286 2264.27 40.4102 5.17847 191.697 2.18797 1114.37 20.1719 5.28988 187.958 2.17513 1166.87 20.3099
17 4.31431 326.17 4.9303 2028.55 39.4796 2.29657 164.29 2.18861 1020.04 17.2105 2.28855 161.435 2.16659 1008.68 17.0536
18 14.7245 468.102 4.026 2330.52 43.5871 6.64788 234.028 2.37653 1174.76 22.2289 5.41815 232.324 2.36901 1176.34 22.1828
19 4.12935 272.577 3.69778 1993.97 32.2518 2.41819 139.91 1.79882 985.459 16.5266 2.24973 135.08 1.77482 1012.14 16.5367
20 37.652 405.93 4.88288 2129.1 38.9547 15.3037 202.375 2.24382 1089.44 19.4789 14.0506 200.558 2.23178 1078.79 19.3554
21 4.43987 308.284 5.17419 1956.77 44.1629 3.12406 153.953 1.98621 993.734 16.583 1.7277 153.723 1.98669 964.097 16.4969
22 13.4187 384.39 4.4372 2328.59 42.3411 5.95565 192.487 2.21639 1173.08 19.9098 6.76953 192.213 2.20045 1145.78 19.6625
23 3.03921 464.638 4.97357 2333.12 47.1851 1.73012 233.624 2.64369 1171.5 20.5593 1.78116 230.461 2.62054 1163.01 20.3894
