0 55622.1 147.565 51.783 5095.52 1967.9 11014.4 76.8653 6.05727 2584.74 71.5451 11539.4 70.6578 6.19988 2516.87 73.1437
0 9375.12 349.485 12.7577 1831.65 752.208 1863.83 179.558 4.05402 904.298 49.9138 2402.13 169.097 4.58186 940.343 56.2565
1 10.083 211.987 3.46831 2742.49 93.3976 4.74892 109.375 1.45217 1438.76 45.9602 4.62271 102.352 1.39323 1295.85 43.5546
2 34.2371 274.853 6.24289 3355.25 21.8026 14.0613 139.558 1.50858 1407.49 336.774 14.2355 134.965 1.48277 1955.19 339.125
2 9.98677 213.867 9.54494 2072.67 30.215 4.53231 107.882 1.376 1056.9 28.6208 4.34914 105.828 1.35489 1008.88 27.7268
3 17.3602 211.204 2.88997 784.187 33.3827 8.63003 105.854 1.45834 384.443 13.653 6.67173 104.92 1.45393 399.552 13.7205
4 20.5459 252.995 3.9767 2010.62 449.803 8.65047 127.222 1.56703 1011.75 31.3126 8.73335 125.658 1.54982 995.163 30.8396
5 2.67612 194.857 3.10183 25234.8 9099.75 1.83314 97.7299 1.48005 12431 477.165 1.25728 96.8657 1.48435 12778.4 482.757
6 12.4406 148.282 2.92531 1104.48 344.078 4.16172 74.2405 1.14113 563.114 23.548 5.57336 72.8152 1.1319 583.075 23.5623
7 10.6815 213.81 3.79001 788.467 37.5328 4.93796 106.946 1.56983 391.787 12.534 4.85204 106.32 1.57252 397.799 12.6197
8 14.6655 233.771 3.84207 1941.79 420.844 4.94779 116.952 1.52119 1016.98 29.9269 5.99157 114.919 1.50326 985.536 29.3853
9 7.94824 226.71 3.37874 4527.26 189.721 3.57325 114.003 1.52871 2329.02 85.3508 2.80093 111.485 1.52072 2295.02 85.4402
10 9.8073 235.972 4.77826 911.469 43.861 4.05761 119.926 1.57467 446.317 12.9985 4.48144 115.845 1.55464 464.8 13.0306
13 1.77674 -109.81 6.87153 615.858 189.867 1.35482 -55.625 1.2934 313.255 26.8803 0.999884 -53.2239 1.27739 317.254 26.911
14 18.7423 219.038 3.31792 1844.58 442.891 6.62298 108.313 1.42776 1002.07 31.2597 7.80369 108.554 1.42204 916.016 30.5221
15 20.4884 258.627 4.16408 2288.09 234.25 9.0571 131.615 1.64109 1135.15 36.7701 8.48485 126.625 1.61266 1154.47 36.4669
16 10.7918 236.741 4.10347 1006.67 46.1295 5.45065 120.89 1.54824 498.269 13.9413 4.50858 115.756 1.53151 504.366 14.006
17 14.965 205.476 3.36594 1589.71 2653.77 6.28949 101.089 1.3672 808.255 28.685 5.37502 102.24 1.38771 850.002 29.5528
18 9.59464 228.005 4.0915 887.816 39.6899 5.52546 114.954 1.54468 444.524 13.1959 3.62234 112.679 1.53842 441.755 13.2153
19 8.36436 202.328 4.26908 784.332 38.0465 3.70972 101.689 1.48021 395.317 12.3886 3.75466 100.37 1.4721 389.018 12.3218
20 18.4065 268.387 4.86417 2059.9 1657.4 7.60655 132.444 1.66981 1098.89 34.327 6.59054 133.111 1.68202 1047.94 34.4915
21 50.3131 257.488 4.31106e-08 -37.275 4.31106e-08 20.917 128.571 1.21842 3.12046e+08 6.16053e+07 20.8773 126.001 1.20642 2.216e+08 5.97869e+07
21 19.2033 217.56 3.40891 1725.1 431.817 7.40448 109.009 1.46819 907.367 30.7655 7.90802 105.819 1.45326 898.724 30.6845
22 5.20709 248.96 3.52835 10770.8 6188.27 1.91671 124.88 1.71838 5393.42 162.143 2.98312 123.868 1.71507 5379.11 162.11
23 4397 267.917 8.73264 9276.94 8303.83 994.309 135.852 3.20938 4687.85 167.035 1026.26 131.746 3.25462 4611.05 169.236
0 9375.12 349.485 12.7577 1831.65 752.208 1863.83 179.558 4.05402 904.298 49.9138 2402.13 169.097 4.58186 940.343 56.2565
1 10.083 211.987 3.46831 2742.49 93.3976 4.74892 109.375 1.45217 1438.76 45.9602 4.62271 102.352 1.39323 1295.85 43.5546
2 9.98677 213.867 9.54494 2072.67 30.215 4.53231 107.882 1.376 1056.9 28.6208 4.34914 105.828 1.35489 1008.88 27.7268
3 17.3602 211.204 2.88997 784.187 33.3827 8.63003 105.854 1.45834 384.443 13.653 6.67173 104.92 1.45393 399.552 13.7205
4 20.5459 252.995 3.9767 2010.62 449.803 8.65047 127.222 1.56703 1011.75 31.3126 8.73335 125.658 1.54982 995.163 30.8396
5 2.67612 194.857 3.10183 25234.8 9099.75 1.83314 97.7299 1.48005 12431 477.165 1.25728 96.8657 1.48435 12778.4 482.757
6 12.4406 148.282 2.92531 1104.48 344.078 4.16172 74.2405 1.14113 563.114 23.548 5.57336 72.8152 1.1319 583.075 23.5623
7 10.6815 213.81 3.79001 788.467 37.5328 4.93796 106.946 1.56983 391.787 12.534 4.85204 106.32 1.57252 397.799 12.6197
8 14.6655 233.771 3.84207 1941.79 420.844 4.94779 116.952 1.52119 1016.98 29.9269 5.99157 114.919 1.50326 985.536 29.3853
9 7.94824 226.71 3.37874 4527.26 189.721 3.57325 114.003 1.52871 2329.02 85.3508 2.80093 111.485 1.52072 2295.02 85.4402
10 9.8073 235.972 4.77826 911.469 43.861 4.05761 119.926 1.57467 446.317 12.9985 4.48144 115.845 1.55464 464.8 13.0306
13 1.77674 -109.81 6.87153 615.858 189.867 1.35482 -55.625 1.2934 313.255 26.8803 0.999884 -53.2239 1.27739 317.254 26.911
14 18.7423 219.038 3.31792 1844.58 442.891 6.62298 108.313 1.42776 1002.07 31.2597 7.80369 108.554 1.42204 916.016 30.5221
15 20.4884 258.627 4.16408 2288.09 234.25 9.0571 131.615 1.64109 1135.15 36.7701 8.48485 126.625 1.61266 1154.47 36.4669
16 10.7918 236.741 4.10347 1006.67 46.1295 5.45065 120.89 1.54824 498.269 13.9413 4.50858 115.756 1.53151 504.366 14.006
17 14.965 205.476 3.36594 1589.71 2653.77 6.28949 101.089 1.3672 808.255 28.685 5.37502 102.24 1.38771 850.002 29.5528
18 9.59464 228.005 4.0915 887.816 39.6899 5.52546 114.954 1.54468 444.524 13.1959 3.62234 112.679 1.53842 441.755 13.2153
19 8.36436 202.328 4.26908 784.332 38.0465 3.70972 101.689 1.48021 395.317 12.3886 3.75466 100.37 1.4721 389.018 12.3218
20 18.4065 268.387 4.86417 2059.9 1657.4 7.60655 132.444 1.66981 1098.89 34.327 6.59054 133.111 1.68202 1047.94 34.4915
21 19.2033 217.56 3.40891 1725.1 431.817 7.40448 109.009 1.46819 907.367 30.7655 7.90802 105.819 1.45326 898.724 30.6845
22 5.20709 248.96 3.52835 10770.8 6188.27 1.91671 124.88 1.71838 5393.42 162.143 2.98312 123.868 1.71507 5379.11 162.11
23 4397 267.917 8.73264 9276.94 8303.83 994.309 135.852 3.20938 4687.85 167.035 1026.26 131.746 3.25462 4611.05 169.236
