0 9.35583 86.5725 1.61561 1168.05 19.5457 4.48725 43.248 0.918271 579.771 18.9532 4.93502 42.4859 0.908654 592.706 18.9081
1 13.6052 79.8152 1.68218 806.006 34.6952 6.29073 39.6052 0.92114 396.701 10.3469 6.05056 39.6943 0.922823 410.017 10.4518
2 4.12057 70.3973 1.54472 1296.58 20.758 2.37605 34.5708 0.818451 652.593 20.5446 1.94297 35.3063 0.828233 648.851 20.668
3 5.35702 81.2722 1.40182 1332.37 20.0875 2.83541 40.9959 0.888855 652.207 19.9167 2.52143 39.7409 0.879174 684.395 20.1076
4 3.1901 56.5831 1.71548 1194.6 50.8276 1.76637 27.1225 0.730581 642 20.8207 1.55759 29.4096 0.758637 564.132 20.5423
5 4.52042 66.096 1.28477 1461.41 26.9925 3.31285 32.1861 0.777024 736.799 23.0368 1.82954 33.6398 0.799193 727.338 23.402
6 5.09313 59.5635 1.17768 1167.71 17.2106 2.46454 28.9558 0.740617 585.028 19.4985 2.81703 30.0485 0.757736 586.965 19.8049
7 4.07419 71.5686 1.4003 1407.92 19.809 2.0756 36.373 0.846876 716.981 19.5596 2.3416 34.6408 0.82498 694.519 19.1337
8 3.21284 62.0953 1.30002 1223.34 18.7766 2.31118 30.4356 0.771967 636.22 19.9528 1.91185 30.9187 0.778597 590.654 19.687
9 4.87163 70.3954 1.34907 1754.84 58.2971 2.71848 34.361 0.802471 922.832 29.1172 2.21526 34.8158 0.801872 894.921 28.7481
10 2.01851 -31.0295 1.15207 874.708 18.3216 1.55718 -15.1621 0.585692 439.86 17.3481 1.48376 -15.1475 0.580814 438.246 17.1883
11 0 0 0 0 0 0 0 0 0 0 0 0 0 0 0
12 0 0 0 0 0 0 0 0 0 0 0 0 0 0 0
13 5.40237 90.4369 1.55372 1468.04 21.403 3.12958 46.189 0.948292 716.066 19.5224 2.44422 43.6607 0.92134 755.506 19.4891
14 4.38888 82.1327 1.42223 1439.83 19.3331 2.24017 41.4385 0.8992 718.859 19.5554 2.27902 40.1853 0.891335 724.562 19.6018
15 12.4159 74.6432 2.2918 1257.96 19.0336 6.07988 38.137 0.930862 618.162 18.4973 5.43021 35.9415 0.903415 640.2 18.3836
16 5.63519 74.9146 1.46805 1297.16 20.293 2.30779 38.8848 0.871336 650.307 20.5516 3.67257 35.317 0.831017 652.248 20.0622
17 14.0398 72.1112 1 683.71 32.7352 6.55808 35.5744 0.874588 341.946 9.62267 6.36054 35.7955 0.875626 344.016 9.63175
18 5.06122 66.4646 1.50579 1214.14 20.6402 1.83517 33.3673 0.805528 614.304 20.7658 3.04815 32.8163 0.798727 600.303 20.56
19 13.3411 67.9404 1.4368 877.984 19.6305 5.0789 33.922 0.815471 434.31 12.1499 6.54246 33.6882 0.813279 445.712 12.2225
20 2.80331 58.565 1.11603 543.743 12.2811 2.10625 29.7344 0.751765 279.517 9.32898 1.97779 27.9056 0.727133 273.558 9.1128
21 2.96487 33.1751 0.944317 887.991 24.2732 1.41852 16.1159 0.551635 451.293 25.59 2.126 16.5585 0.555322 441.087 25.4208
22 8.67263 46.5453 1.98784 540.755 99.3205 4.42928 23.2967 0.90038 271.439 9.36036 3.482 22.1518 0.878457 272.439 9.27231
23 13.3299 944.472 142.261 6240.7 1629.13 6.71724 454.536 17.054 3121.54 76.2833 5.25437 482.089 17.2943 3133.56 76.4867
