0 3958.7 272.116 9.26994 1074.53 89.269 1066.99 136.943 3.09992 545.154 21.4209 867.296 135.056 2.79314 530.383 19.2947
1 5.20709 248.96 3.52835 10770.8 6188.27 3.20066 127.268 1.73127 5339.11 162.561 2.4316 121.059 1.69962 5450.67 161.63
2 19.2033 217.56 3.40891 1725.1 431.817 7.67671 109.125 1.47661 875.955 30.934 7.23299 106.082 1.44782 923.748 30.5391
3 18.4065 268.387 4.86417 2059.9 1657.4 6.97939 132.985 1.67078 1044.53 34.0451 6.86464 132.777 1.68233 1100.61 34.7808
4 8.36436 202.328 4.26908 784.332 38.0465 4.08197 102.597 1.47946 389.079 12.2994 3.58805 99.4161 1.4725 394.931 12.4072
5 9.59464 228.005 4.0915 887.816 39.6899 5.11934 114.591 1.54833 456.561 13.3204 3.77372 113.062 1.53539 430.505 13.1012
6 14.965 205.476 3.36594 1589.71 2653.77 7.57328 101.905 1.36727 782.462 28.4246 6.28944 102.893 1.36942 809.285 28.5013
7 10.7918 236.741 4.10347 1006.67 46.1295 5.15649 119.148 1.54722 513.079 14.0886 4.90349 116.861 1.53217 496.382 13.9188
8 20.4884 258.627 4.16408 2288.09 234.25 8.92164 130.728 1.63167 1148.76 36.5988 8.66794 127.643 1.6214 1136.55 36.5722
9 18.7423 219.038 3.31792 1844.58 442.891 6.80687 109.991 1.43862 990.13 31.3552 7.33993 107.037 1.41222 926.322 30.4356
10 1.77674 -109.81 6.87153 615.858 189.867 1.04493 -55.0854 1.29528 303.517 26.9858 1.10069 -53.8803 1.27834 326.738 26.8776
13 9.8073 235.972 4.77826 911.469 43.861 4.43116 121.272 1.58947 456.771 13.176 4.60048 114.465 1.53749 452.784 12.8188
14 7.94824 226.71 3.37874 4527.26 189.721 3.63394 115.233 1.53867 2377.46 86.093 3.31685 109.921 1.50828 2255.45 84.6358
15 14.6655 233.771 3.84207 1941.79 420.844 6.86757 119.868 1.51467 954.134 28.9794 6.58856 113.766 1.49208 976.752 29.127
16 10.6815 213.81 3.79001 788.467 37.5328 4.66156 108.339 1.56979 399.597 12.5081 5.62048 104.985 1.57076 387.702 12.6118
17 12.4406 148.282 2.92531 1104.48 344.078 4.34868 74.8427 1.14317 573.146 23.5335 5.62264 72.1555 1.12974 572.703 23.5821
18 2.67612 194.857 3.10183 25234.8 9099.75 1.7347 97.7027 1.48627 12769.4 482.016 1.51753 96.6476 1.47836 12515 478.899
19 20.5459 252.995 3.9767 2010.62 449.803 9.37732 126.297 1.55934 1055.64 31.3794 8.81379 126.013 1.55579 958.389 30.8191
20 17.3602 211.204 2.88997 784.187 33.3827 7.27834 103.785 1.47054 413.287 14.1493 6.35072 104.753 1.46367 407.554 13.9233
21 9.98677 213.867 9.54494 2072.67 30.215 4.9839 106.899 1.36685 1065.55 28.4991 4.56371 106.289 1.36092 1007.31 27.89
22 10.083 211.987 3.46831 2742.49 93.3976 4.41111 107.888 1.4406 1384.28 45.3707 4.55118 103.786 1.40717 1358.65 44.3332
23 9375.12 349.485 12.7577 1831.65 752.208 2372.06 179.09 4.57347 941.42 56.3093 1756.49 169.531 3.91802 903.755 48.1058
