0 5.60053 183.64 2.87532 2123.56 53.638 3.43113 92.2531 1.41787 1077.29 36.3506 2.35134 91.1699 1.40287 1038.26 35.7326
1 2.60806 98.5992 4.27974e-06 1417.77 4.27974e-06 1.23518 49.6899 0.96105 693.264 29.3387 1.49857 48.6706 0.956255 723.687 29.7659
2 1.05754 91.3112 4.67096 116665 206150 0.94238 46.0031 0.989802 58611.1 3056.19 1.48807 44.9285 0.973452 56904.9 2989.77
3 2.76002 114.613 4.55343 1749.23 1771.58 1.58466 56.9714 1.08789 870.32 60.9451 1.35155 56.7441 1.08911 933.718 61.9903
4 1.84828 80.3683 3.98079 2873.64 1239.89 1.99464 41.8985 0.917576 1249.17 81.2445 1.12836 38.3729 0.895541 1549.64 85.47
0 5.60053 183.64 2.87532 2123.56 53.638 3.43113 92.2531 1.41787 1077.29 36.3506 2.35134 91.1699 1.40287 1038.26 35.7326
1 2.60806 98.5992 4.27974e-06 1417.77 4.27974e-06 1.23518 49.6899 0.96105 693.264 29.3387 1.49857 48.6706 0.956255 723.687 29.7659
2 1.05754 91.3112 4.67096 116665 206150 0.94238 46.0031 0.989802 58611.1 3056.19 1.48807 44.9285 0.973452 56904.9 2989.77
3 2.76002 114.613 4.55343 1749.23 1771.58 1.58466 56.9714 1.08789 870.32 60.9451 1.35155 56.7441 1.08911 933.718 61.9903
4 1.84828 80.3683 3.98079 2873.64 1239.89 1.99464 41.8985 0.917576 1249.17 81.2445 1.12836 38.3729 0.895541 1549.64 85.47
5 1.42836 99.38 5.59899 939.931 1694.2 1.49807 49.4498 1.05634 466.226 25.5223 1.04826 49.4789 1.06168 468.71 25.7791
6 2.72401 94.0379 4.2942 2374.48 1044.75 1.54974 46.611 1.01623 1218.03 84.6838 1.39229 46.861 1.02327 1191.84 85.5636
7 3.70608 118.459 3.92753 536.83 1928.3 2.4977 59.4122 1.13373 255.966 17.9189 1.74777 58.6984 1.11747 277.296 17.7191
8 2.13159 105.236 5.04553 1169.06 97.6264 1.582 53.306 1.04064 594.51 28.731 1.40656 51.5898 1.02156 567.642 28.075
9 3.62647 96.5184 4.88632 2906.54 1449.55 2.05848 48.4375 1.05136 1517.38 87.4616 1.86416 47.531 1.03365 1407.86 84.5755
10 4.06617 -53.0295 1.00009 28.3848 1.00009 1.50632 -26.2861 0.84282 173.974 36.5077 1.47911 -25.5197 0.828805 117.775 30.7316
13 2.37877 93.7598 5.11733 1258.31 80.7696 1.29121 48.5263 0.973707 647.949 29.9148 1.62206 44.9551 0.942637 604.273 29.1672
14 2.53142 89.896 7.39732 1113.88 72.2546 1.5407 45.8095 1.03626 556.986 28.4686 1.82214 43.6078 1.02021 551.029 28.4684
15 1.54435 102.467 5.21539 274.419 28.1136 1.39846 51.1734 1.01987 140.041 7.11897 0.81878 51.1844 1.02889 131.481 7.16067
16 4.07763 95.5837 3.79323 919.776 61.5287 1.85711 49.2467 0.968032 463.848 24.1302 2.48744 45.9259 0.936483 455.612 23.6119
17 1.00979 55.8003 4.99966 949.137 122.311 0.362444 28.604 0.796348 491.077 33.3619 1.73667 27.4716 0.764361 407.083 30.3741
18 2.36816 83.3389 3.84494 847.683 847.32 1.19636 41.4009 0.92976 437.715 28.837 1.39271 41.1822 0.931344 433.202 29.0564
19 2.91709 126.663 5.58245 580.205 1523.97 1.68401 64.9433 1.20918 289.181 17.2395 1.66289 61.2631 1.17569 291.689 16.9382
20 3.76939 120.83 4.14951 1350.08 1681.93 1.40389 62.5475 1.14047 623.524 48.2378 2.29606 57.3901 1.09332 770.312 48.1441
21 8.94856 95.7115 2.42574e-06 192.04 2.42574e-06 3.76049 48.762 0.935439 83.7323 53.3012 4.43435 46.4746 0.913821 119.899 52.7579
22 1.79522 130.103 3.63494 5652.8 9205.38 0.886429 67.6497 1.11544 2965.24 167.746 1.34882 62.3427 1.06876 2652.16 159.706
23 3.30638 214.375 4.0425 1250.83 2760.25 2.20687 108.661 1.49171 606.694 25.9402 1.67416 105.72 1.47876 633.405 26.0606
