0 35.9139 248.128 11.4064 1689.4 50.7158 15.0997 121.536 1.94534 855.123 14.3596 15.7041 125.522 1.98132 840.622 14.4826
1 7.26169 218.987 2.83597 1744.39 30.9152 3.81754 108.319 1.53214 889.084 16.3425 3.23113 110.214 1.54577 856.247 16.2875
2 9.714 322.02 1 2012.77 207.3 4.64223 159.456 3.0527 1036.1 16.4695 4.76633 159.36 3.05344 972.02 16.1945
3 24.3239 243.802 4.88047 1978.12 54.3602 9.89951 121.672 1.91219 1008.6 17.7538 11.1425 121.113 1.90982 973.367 17.6046
4 6.87443 166.433 2.7615 1968.87 27.1325 3.42741 83.3827 1.39875 997.76 20.6961 3.01225 82.6679 1.39149 972.09 20.5062
5 20.4319 427.483 86.4261 2250.97 219.616 8.3114 214.815 4.52155 1139.43 16.9343 9.56725 207.03 4.43741 1122.01 16.715
6 8.93507 177.933 1.31551e-06 1797.49 1.3155e-06 3.92172 89.5436 1.40559 904.016 19.868 4.61227 87.8207 1.39378 896.17 19.7512
7 7.06308 209.582 2.79905 1724.45 59.7853 3.58337 105.236 1.49937 859.77 16.4454 3.52382 103.587 1.49126 867.601 16.458
8 6.92465 192.061 2.4378 2627.07 89.2425 3.4973 97.4359 1.44034 1317.2 26.5813 3.06416 94.227 1.4184 1311.01 26.3541
9 8.63647 199.354 2.66484 2136.21 19.7878 3.62173 100.126 1.46788 1089.55 22.1828 4.03605 98.9688 1.4609 1047.45 21.9542
10 5.06663 70.0711 2.92422 1411.08 45.5778 2.23873 35.1009 0.911208 708.663 19.3267 3.0316 34.4215 0.905794 705.975 19.278
11 0 0 0 0 0 0 0 0 0 0 0 0 0 0 0
12 0 0 0 0 0 0 0 0 0 0 0 0 0 0 0
13 7.21875 243.708 2.93883 1858.79 68.7772 3.40228 124.296 1.62311 926.507 17.6423 4.087 118.587 1.5843 936.016 17.4332
14 15.0036 339.058 3.7687 1942.32 684.674 6.06338 170.089 2.67828 979.96 15.2364 7.31619 164.767 2.63416 977.439 15.1047
15 5.77559 194.598 3.28964 1399.71 109.676 2.43197 98.9995 1.51759 724.546 14.8511 2.99527 95.3296 1.48936 675.984 14.477
16 19.3392 206.518 7.55131 2548.21 362.855 8.63158 106.571 1.81243 1301.66 23.4577 8.21716 99.58 1.75034 1247.99 22.783
17 8.42572 175.358 2.605 1851.66 26.2713 4.6316 87.6257 1.38574 926.201 22.7256 4.19159 86.82 1.38228 929.807 22.7415
18 9.17133 185.32 2.64904 2545.95 4537.49 4.99577 92.1563 1.44453 1298.19 28.4684 3.45055 92.8185 1.44798 1249.26 28.2644
19 10.6119 208.57 2.66245 1769.17 419.94 4.92261 102.202 1.5 900.071 16.9062 4.46235 98.7767 1.47633 907.363 16.8063
20 7.95644 170.794 2.57953 1964.68 33.6967 3.82164 86.9898 1.35589 971.087 24.3457 3.85275 83.3214 1.3343 995.706 24.3152
21 3.57171 75.7132 2.25092 2600.92 127.125 1.82966 38.2016 0.98007 1292.06 45.0334 2.0972 36.8502 0.963765 1321.97 44.7992
22 19.8731 148.72 2.58179 1477.77 26.0514 9.29671 77.1174 1.45818 713.352 21.0241 8.30254 70.6857 1.40545 773.319 20.8876
23 37.8994 243.202 8.77666 1548.68 61.7852 15.9552 126.386 1.82255 762.614 15.485 16.4478 115.839 1.74996 793.348 15.2335
17 8.42572 175.358 2.605 1851.66 26.2713 4.6316 87.6257 1.38574 926.201 22.7256 4.19159 86.82 1.38228 929.807 22.7415
18 9.17133 185.32 2.64904 2545.95 4537.49 4.99577 92.1563 1.44453 1298.19 28.4684 3.45055 92.8185 1.44798 1249.26 28.2644
