0 37.8994 243.202 8.77666 1548.68 61.7852 18.0337 125.151 1.81398 779.003 15.5043 14.5756 117.115 1.75959 775.942 15.2165
1 19.8731 148.72 2.58179 1477.77 26.0514 8.82084 76.8965 1.45712 753.315 21.2224 8.62303 71.0115 1.4073 732.854 20.6891
2 3.57171 75.7132 2.25092 2600.92 127.125 1.50598 36.8459 0.967865 1356.17 45.246 2.39156 38.3556 0.978614 1250.98 44.6304
3 7.95644 170.794 2.57953 1964.68 33.6967 4.1462 85.8474 1.34873 981.196 24.337 3.34768 84.5789 1.34241 984.764 24.3292
4 10.6119 208.57 2.66245 1769.17 419.94 5.10411 101.143 1.49365 906.116 16.9044 4.87043 99.62 1.48139 900.956 16.8
5 9.17133 185.32 2.64904 2545.95 4537.49 4.13249 93.0253 1.44833 1256.99 28.2875 4.19807 91.9992 1.44458 1290.2 28.4491
6 8.42572 175.358 2.605 1851.66 26.2713 3.19227 86.0217 1.37535 946.625 22.7409 4.99347 88.8907 1.39563 905.581 22.7322
7 19.3392 206.518 7.55131 2548.21 362.855 8.15158 105.376 1.80161 1261.19 23.2023 8.90761 100.562 1.75951 1289.87 23.0346
8 5.77559 194.598 3.28964 1399.71 109.676 2.64772 98.4358 1.51114 691.537 14.6536 3.65269 95.5261 1.49323 708.973 14.6633
9 15.0036 339.058 3.7687 1942.32 684.674 7.17407 166.445 2.6526 975.2 15.1605 5.95664 168.765 2.6635 981.473 15.1887
10 7.21875 243.708 2.93883 1858.79 68.7772 4.13462 122.833 1.61414 937.248 17.635 3.29517 120.289 1.59487 922.425 17.4367
13 5.06663 70.0711 2.92422 1411.08 45.5778 2.19722 35.5994 0.917497 706.45 19.384 2.75969 34.02 0.900868 708.727 19.2421
14 8.63647 199.354 2.66484 2136.21 19.7878 4.33039 99.7039 1.46597 1075.54 22.1172 3.71525 99.1579 1.46126 1062.84 22.0142
15 6.92465 192.061 2.4378 2627.07 89.2425 2.70279 97.7017 1.44159 1300.76 26.511 3.8727 94.1069 1.41797 1324.36 26.416
16 7.06308 209.582 2.79905 1724.45 59.7853 3.23186 104.679 1.49693 855.654 16.4242 3.18421 104.581 1.49706 869.779 16.4924
17 8.93507 177.933 1.31551e-06 1797.49 1.3155e-06 4.91282 87.9898 1.39286 909.388 19.7822 3.67161 89.3613 1.40609 890.519 19.8298
18 20.4319 427.483 86.4261 2250.97 219.616 9.02711 214.375 4.50345 1114.27 16.7865 9.07749 207.147 4.45388 1147.24 16.8623
19 6.87443 166.433 2.7615 1968.87 27.1325 3.16801 84.0706 1.39964 987.03 20.6109 3.35969 81.9554 1.39032 982.634 20.5882
20 24.3239 243.802 4.88047 1978.12 54.3602 9.58145 122.033 1.91707 977.818 17.659 11.345 120.838 1.90541 1003.93 17.7
21 7.17868 182.161 2.66496 5329.17 110.043 3.6566 92.7433 1.46018 2620.19 56.1395 3.40839 88.8587 1.43257 2712.55 56.0377
22 7.26169 218.987 2.83597 1744.39 30.9152 3.59175 107.618 1.52772 878.754 16.2769 3.47474 110.755 1.54901 868.308 16.3537
23 35.9139 248.128 11.4064 1689.4 50.7158 14.6988 122.025 1.95775 875.636 14.5199 15.7127 125.206 1.97058 820.135 14.3291
