0 6.81737 455.738 5.29063 2417.83 43.4796 3.47212 232.18 2.74708 1217.14 19.5095 3.01081 223.02 2.69778 1202.02 19.2425
1 13.4187 384.389 4.28266 2328.58 42.0878 7.20425 195.694 2.2328 1147.68 19.9217 5.99402 188.928 2.18302 1170.06 19.6407
2 4.43987 308.284 5.17419 1956.77 44.1629 2.14905 155.696 1.9934 950.339 16.458 2.90327 151.706 1.97796 1009.22 16.6209
3 37.652 405.93 4.88288 2129.1 38.9547 14.6022 202.237 2.24613 1073.76 19.4598 14.7673 200.546 2.22867 1095.79 19.3748
4 4.12935 272.577 3.69778 1993.97 32.2518 2.28734 136.9 1.78391 1001.06 16.5293 1.80788 138.346 1.79157 996.208 16.5427
5 14.7245 468.102 4.026 2330.52 43.5871 6.70763 235.978 2.38581 1167.5 22.266 5.29429 230.289 2.35926 1184.79 22.1467
6 4.31431 326.171 4.83441 2028.62 40.7819 2.93322 163.513 2.17589 1016.18 17.1065 1.89467 162.314 2.17866 1010.95 17.1449
7 13.2382 380.985 4.14286 2264.27 40.4102 6.15048 192.617 2.19474 1146.58 20.3298 4.46494 186.936 2.16777 1135.2 20.1507
8 15.0042 392.062 4.14731 2345.41 41.8382 5.55828 197.509 2.19584 1197.44 20.7245 6.73812 193.226 2.16443 1163.44 20.3784
9 17.2537 371.689 3.35715 3596.03 45.7132 7.45246 186.8 2.1125 1791.64 32.8835 6.28102 183.278 2.09688 1838.19 32.9222
10 7.59036 126.531 103.261 1222.35 108.526 3.94407 62.2274 1.16797 625.899 12.0543 3.80824 63.2883 1.17939 600.654 11.9973
13 6.86613 369.004 4.76386 2431.89 44.4425 3.16214 188.832 2.20303 1221.02 18.01 2.99395 179.897 2.14641 1211.39 17.6881
14 13.2048 297.71 6.33412 2374.33 42.3831 6.16265 149.592 1.85099 1215.75 15.6339 5.06775 147.862 1.83593 1159.26 15.3571
15 16.5518 373.522 3.12457 2066.04 27.3477 7.28777 188.726 2.11989 1042.28 19.6176 6.18992 184.527 2.09946 1033.06 19.4907
16 12.4051 355.983 3.87267 2000.62 39.5755 4.74395 178.544 2.17737 1020.39 19.2583 4.78781 175.816 2.15774 1000.09 19.0529
17 5.0803 330.888 4.7469 2004.41 43.033 2.77356 170.04 2.1731 996.061 17.409 1.95776 160.707 2.12389 1007.6 17.2306
18 14.9199 335.92 3.41004 1680.25 37.2256 6.58321 167.391 2.03245 850.483 18.9081 5.63554 166.603 2.0283 852.024 18.88
19 5.71008 368.637 6.61965 2412.77 41.8721 3.18007 187.025 2.26444 1220.46 17.7829 2.71148 181.167 2.23166 1191.76 17.5564
20 10.934 307.635 4.21651 1449.01 33.6411 4.63642 154.28 2.072 740.987 16.2922 4.21431 151.719 2.05755 724.245 16.1844
21 4.19423 193.153 3.28331 1115.58 129.853 2.75712 99.3275 1.60156 534.42 14.7047 2.31146 93.7986 1.5859 574.356 14.9524
22 11.4133 329.301 2.93289 1262.25 34.6377 5.20837 167.497 1.88051 651.23 18.4455 4.3358 160.64 1.83832 625.619 18.008
23 4.3828 558.41 241.164 2334.72 5.51417 2.76499 281.223 2.89434 1205.77 23.3474 2.2841 277.797 2.85215 1119.3 22.8036
