0 13.3299 944.472 142.261 6240.7 1629.13 6.34751 464.142 16.987 3165.76 76.0952 6.33827 465.175 17.2536 3093.04 76.5141
1 8.67263 46.5453 1.98784 540.755 99.3205 4.08504 23.6262 0.907578 277.703 9.45759 4.71188 20.6556 0.847895 272.224 9.13121
2 2.96487 33.1751 0.944317 887.991 24.2732 1.48446 16.3548 0.554483 445.875 25.5558 1.79172 16.3817 0.553643 448.797 25.5181
3 2.80331 58.565 1.11603 543.743 12.2811 1.41665 29.605 0.747133 269.648 9.19322 1.44145 28.7421 0.740826 280.15 9.2785
4 8.06224 106.442 1 1401.3 129.411 4.06784 52.6428 1.46174 718.001 16.1807 3.34624 52.2165 1.44741 677.048 15.7932
5 5.06122 66.4646 1.50579 1214.14 20.6402 2.15949 33.5068 0.807178 612.062 20.7715 2.80624 32.5699 0.795922 604.719 20.558
6 10.756 174.491 1.55546 1358.24 247.956 4.88049 85.9475 2.68426 682.68 15.3381 5.06302 87.7736 2.70572 672.133 15.3018
7 5.63519 74.9146 1.46805 1297.16 20.293 2.87137 37.3036 0.854862 648.449 20.3508 2.70419 37.202 0.85164 650.219 20.2879
8 8.03193 207.179 1.02566 1315.29 162.374 4.34293 97.0448 2.93283 674.847 15.5651 3.46192 107.139 3.05187 645.525 15.5453
9 8.01012 243.274 1.01816 1470.09 205.982 3.53373 119.634 3.11125 727.164 15.7622 4.37343 120.537 3.12415 744.407 15.9058
10 16.1939 84.0757 1.8842 1564.46 1127.61 6.8832 41.309 0.933546 779.424 19.2635 7.54554 42.2111 0.942461 788.096 19.392
13 2.01851 -31.0295 1.15207 874.708 18.3216 1.09366 -15.2652 0.585569 456.89 17.4957 1.36808 -15.3826 0.586572 418.776 17.0711
14 13.481 63.4248 2.48719 1279.73 26.7367 6.39607 31.5697 0.82904 650.06 17.516 6.05827 31.0995 0.823637 634.561 17.3603
15 2.53022 62.1484 0.95186 1211.45 43.5403 1.27522 30.6471 0.785129 593.794 18.465 1.7109 31.1779 0.792123 613.001 18.7008
16 4.07419 71.5686 1.4003 1407.92 19.809 2.26568 36.2695 0.8454 711.647 19.5016 1.7918 34.9107 0.828758 699.233 19.2178
17 13.6411 50.6281 1.61781 557.845 40.1248 5.56255 25.1381 0.714163 281.399 8.46066 6.48045 25.2695 0.715415 275.651 8.41809
18 4.52042 66.096 1.28477 1461.41 26.9925 2.19169 33.9432 0.797506 707.986 23.1176 2.74918 31.9611 0.779421 756.097 23.326
19 3.01767 57.5929 1.09158 702.504 31.6754 1.94242 28.3492 0.749227 344.631 11.7063 1.85042 28.7382 0.754774 357.619 11.8628
20 5.35702 81.2722 1.40182 1332.37 20.0875 2.65794 39.5769 0.877839 673.457 20.0206 2.99723 41.1214 0.889758 661.079 19.9843
21 4.12057 70.3973 1.54472 1296.58 20.758 2.07329 35.5856 0.8301 646.675 20.6532 1.99084 34.4543 0.818417 652.95 20.5698
22 13.6052 79.8152 1.68218 806.006 34.6952 6.24067 38.2843 0.904413 402.149 10.2884 6.39969 40.9891 0.939452 403.377 10.5061
23 9.35583 86.5725 1.61561 1168.05 19.5457 3.92203 43.0069 0.915116 586.794 18.9561 4.25473 43.324 0.91819 583.053 18.9613
