-3.01069 6016.88 77.5685 4050.22 63.6413
-2.74889 3196.05 56.5336 2410.78 49.0997
-2.48709 1867.93 43.2196 1331.42 36.4886
-2.22529 3964.8 62.9666 3260.62 57.1018
-1.96349 5734.59 75.7271 3376.62 58.1087
-1.70169 4665.65 68.3056 3303.64 57.4773
-1.4399 3954.42 62.8842 3360.53 57.97
-1.17809 5897 76.7919 2708.51 52.0433
-0.916292 4938.02 70.2711 3146.72 56.0957
-0.654503 6730.42 82.0391 2548.24 50.4801
-0.392699 6083.92 77.9995 4368.03 66.0911
0.392699 2641.52 51.3958 1324.43 36.3927
0.654503 5187.35 72.0232 3707.04 60.8855
0.916292 5225.98 72.2909 3375.46 58.0987
1.17809 5756.33 75.8705 3724.29 61.0269
1.4399 4607.13 67.8758 3322.7 57.6429
1.70169 6992.44 83.6208 1893.7 43.5166
1.9635 4654.27 68.2222 2769.27 52.6238
2.2253 6089.1 78.0327 3024.05 54.9913
2.48709 4866.06 69.7571 3004.2 54.8106
2.74889 6000.13 77.4605 3982.84 63.1098
3.01069 6667.47 81.6545 3630.96 60.2575
