-3.01069 2029.64 45.0515 3374.29 58.0887
-2.74889 1065.9 32.6482 1923.12 43.8534
-2.48709 24.4461 4.9443 1455.68 38.1533
-2.22529 811.459 28.4861 1803.38 42.4662
-1.96349 999.349 31.6125 1719.11 41.4621
-1.70169 741.623 27.2328 1124.44 33.5327
-1.4399 488.935 22.1119 612.325 24.7452
-1.17809 957.569 30.9446 1426.9 37.7744
-0.916292 884.121 29.7342 1382.41 37.1808
-0.654503 866.475 29.4359 998.345 31.5966
-0.392699 1012.01 31.8122 1139.87 33.762
0.392699 32.1721 5.67205 522.14 22.8504
0.654503 874.911 29.5789 1308.08 36.1673
0.916292 1068.89 32.6939 1432 37.8417
1.17809 937.037 30.6111 1849.32 43.0037
1.4399 695.018 26.3632 1372.34 37.0451
1.70169 933.214 30.5486 1242.07 35.243
1.9635 809.839 28.4577 1121.34 33.4864
2.2253 834.476 28.8873 1659.36 40.7352
2.48709 918.185 30.3016 1222.3 34.9614
2.74889 1250.58 35.3635 1294.86 35.9841
3.01069 2495.41 49.9541 3063.04 55.3448
