-3.01069 10550.4 102.715 10715.6 103.516
-2.74889 4451.31 66.7182 6910.03 83.1266
-2.48709 3531.07 59.4228 3215.07 56.7016
-2.22529 5677.22 75.3473 5459.21 73.8865
-1.96349 9795.26 98.971 5999.78 77.4582
-1.70169 5986.03 77.3694 6911.22 83.1338
-1.4399 8167.92 90.3765 5960.16 77.202
-1.17809 7529.04 86.77 6944.8 83.3354
-0.916292 7654.2 87.4883 7065.4 84.0559
-0.654503 9415.38 97.0329 4396.21 66.3039
-0.392699 10102.4 100.511 5912.79 76.8947
0.392699 4596.52 67.7976 2284.77 47.7993
0.654503 8249.57 90.8271 7243.75 85.1102
0.916292 8739.07 93.483 7417.21 86.1232
1.17809 8615.46 92.8195 7295.29 85.4125
1.4399 8321.81 91.224 5815.95 76.2624
1.70169 8527.71 92.3456 9446.46 97.1929
1.9635 7682.16 87.6479 4691.94 68.4977
2.2253 7988.42 89.3779 7161.39 84.625
2.48709 7685.41 87.6665 5394.71 73.4487
2.74889 8730.04 93.4347 7323.54 85.5777
3.01069 9723.91 98.6099 8966.12 94.6896
