-3.01069 4117.39 64.1669 6760.95 82.225
-2.74889 2459.19 49.5902 3870.93 62.2168
-2.48709 2066.28 45.4564 2178.6 46.6755
-2.22529 2684.48 51.8119 4120.26 64.1893
-1.96349 3147.54 56.1029 4876.74 69.8336
-1.70169 2481.85 49.8181 3825.69 61.8522
-1.4399 1714.56 41.4072 2760.93 52.5446
-1.17809 3100.77 55.6846 4076.9 63.8506
-0.916292 3223.88 56.7792 4311.72 65.6637
-0.654503 2569.89 50.694 4364.71 66.0659
-0.392699 3414.54 58.4341 4109.37 64.1044
0.392699 719.639 26.8261 1823.61 42.7038
0.654503 2775.88 52.6866 4383.79 66.2102
0.916292 3259.99 57.0964 4929.44 70.2099
1.17809 3587.47 59.8955 4442.39 66.6513
1.4399 2632.86 51.3114 4208.42 64.8723
1.70169 3230.97 56.8416 4206.93 64.8608
1.9635 2855.88 53.4404 3660.36 60.5009
2.2253 3177.84 56.3723 4975.99 70.5407
2.48709 2792.44 52.8436 4277.5 65.4026
2.74889 3581.97 59.8495 4723.02 68.7242
3.01069 4674.81 68.3726 5170.28 71.9046
