-3.01069 4437.22 66.6124 8058.21 89.7676
-2.74889 2532.23 50.3213 4617.39 67.9514
-2.48709 2071.17 45.5101 2779.39 52.7199
-2.22529 2745.02 52.3929 4878.36 69.8453
-1.96349 3192.27 56.5002 5795.6 76.1289
-1.70169 2587.21 50.8646 4489.29 67.0022
-1.4399 1723.38 41.5136 3309.56 57.5288
-1.17809 3299.24 57.439 4834.52 69.5307
-0.916292 3285.36 57.318 5152.91 71.7838
-0.654503 2609.16 51.08 5120.61 71.5585
-0.392699 3541.37 59.5094 4917.19 70.1227
0.392699 724.797 26.9221 2075.02 45.5524
0.654503 2801.18 52.9262 5217.25 72.2306
0.916292 3335.33 57.7523 5838.35 76.4091
1.17809 3690.97 60.7533 5300.28 72.803
1.4399 2663.72 51.6112 5011.21 70.7899
1.70169 3349.68 57.8764 5011.08 70.789
1.9635 2961.56 54.4202 4344.65 65.914
2.2253 3252.49 57.0306 5896.41 76.7881
2.48709 2828.38 53.1825 5055.75 71.1038
2.74889 3802.53 61.6647 5574.96 74.6657
3.01069 5122.32 71.5704 6164.37 78.5135
