-3.01069 11324.8 106.418 12352.6 111.142
-2.74889 4635.42 68.0839 7983.61 89.351
-2.48709 3792.75 61.5853 3726.58 61.0457
-2.22529 6080.07 77.9748 6333.25 79.5817
-1.96349 10502.9 102.484 6929.92 83.2461
-1.70169 6279.2 79.2414 8017.87 89.5425
-1.4399 8767.31 93.6339 6889.15 83.0009
-1.17809 7996.46 89.4229 8041.96 89.677
-0.916292 8037.76 89.6536 8180.76 90.4476
-0.654503 10060.5 100.302 5035.62 70.9621
-0.392699 10731.3 103.592 6836.48 82.683
0.392699 4865.73 69.7548 2640.21 51.383
0.654503 8660.77 93.0633 8389.91 91.5964
0.916292 9186.25 95.8449 8573.68 92.5942
1.17809 9064.84 95.2095 8442.92 91.8853
1.4399 8966.27 94.6904 6727.35 82.0204
1.70169 8957.57 94.6444 10923.1 104.514
1.9635 8106.52 90.0362 5420.46 73.6238
2.2253 8390.71 91.6008 8256.43 90.8649
2.48709 8201.81 90.5638 6223.59 78.8897
2.74889 9230.15 96.0737 8464.7 92.0038
3.01069 10545.9 102.693 10380.8 101.886
