-3.01069 5593.26 74.7881 4586.65 67.7248
-2.74889 3088.55 55.5747 2691.93 51.8838
-2.48709 1799.08 42.4156 1408.56 37.5308
-2.22529 3720.72 60.9977 3441.1 58.6609
-1.96349 5549.82 74.4971 3660.05 60.4984
-1.70169 4563.78 67.5558 3549.78 59.58
-1.4399 3899.46 62.4456 3575.76 59.7977
-1.17809 5679.97 75.3656 2937.87 54.2021
-0.916292 4695.77 68.5257 3366.26 58.0195
-0.654503 6555.45 80.9658 2655.35 51.5301
-0.392699 5842.55 76.4366 4654.01 68.2203
0.392699 2719.2 52.146 1432.38 37.8467
0.654503 4835.54 69.538 3939.65 62.7666
0.916292 4988.87 70.632 3496.51 59.1313
1.17809 5542.9 74.4506 3962.13 62.9455
1.4399 4353.76 65.983 3562.09 59.6833
1.70169 6897.69 83.0523 2047.57 45.2501
1.9635 4675.46 68.3774 2877.26 53.6401
2.2253 5866.09 76.5904 3221.97 56.7624
2.48709 4785.72 69.1789 3171.77 56.3184
2.74889 5709.09 75.5585 4286.63 65.4724
3.01069 6037.48 77.7012 4069.45 63.7922
