-3.01069 2353.66 48.5145 569.209 23.8581
-2.74889 1325.07 36.4015 385.392 19.6314
-2.48709 704.457 26.5416 609.633 24.6908
-2.22529 1778.93 42.1774 1073.17 32.7592
-1.96349 2698.93 51.9512 791.505 28.1337
-1.70169 1792.13 42.3336 1202.49 34.677
-1.4399 2704.96 52.0093 677.337 26.0257
-1.17809 2084.44 45.6557 1367.3 36.9771
-0.916292 2539.04 50.3889 751.814 27.4192
-0.654503 3108.68 55.7555 849.285 29.1425
-0.392699 2962.72 54.4309 1427.16 37.7778
0.392699 1027.01 32.047 449.169 21.1936
0.654503 2316.59 48.131 994.032 31.5283
0.916292 1971.95 44.4067 1047.45 32.3643
1.17809 2419.69 49.1904 1265.69 35.5765
1.4399 1904.33 43.6386 869.537 29.4879
1.70169 2023.38 44.982 1184.48 34.4162
1.9635 1715.93 41.4238 998.575 31.6002
2.2253 2163.12 46.5094 1428.55 37.7962
2.48709 2046.87 45.2424 1321.51 36.3526
2.74889 2665.76 51.631 1323.8 36.3841
3.01069 2010.91 44.8432 1511.49 38.8779
