-3.01069 4045.97 63.6079 7423.62 86.1604
-2.74889 2381.26 48.7981 4168.11 64.5609
-2.48709 1930.61 43.9387 2478.98 49.7894
-2.22529 2638.72 51.3685 4507.17 67.1355
-1.96349 3074.46 55.4479 5345.58 73.1135
-1.70169 2463.14 49.63 4039.91 63.5603
-1.4399 1652.86 40.6554 3040.18 55.1378
-1.17809 3100.04 55.678 4463.81 66.8118
-0.916292 3161.42 56.2265 4740.06 68.8481
-0.654503 2534.97 50.3484 4601.06 67.8311
-0.392699 3355.62 57.9277 4520.1 67.2317
0.392699 698.903 26.4368 1857.47 43.0983
0.654503 2707.29 52.0316 4809.34 69.3494
0.916292 3217.24 56.7207 5393.81 73.4425
1.17809 3509.61 59.242 4880.14 69.858
1.4399 2559.47 50.5912 4618.83 67.962
1.70169 3177.17 56.3664 4616.93 67.948
1.9635 2806.47 52.9761 4009.27 63.3188
2.2253 3136.53 56.0048 5445.66 73.7947
2.48709 2734.24 52.2899 4675.41 68.377
2.74889 3603.09 60.0257 5017.81 70.8365
3.01069 4716.33 68.6755 5678.06 75.3529
