-3.01069 3859.1 62.1217 7742.64 87.9923
-2.74889 2222.8 47.1466 4263.65 65.2966
-2.48709 1711.38 41.3688 2779.39 52.7199
-2.22529 2505.4 50.054 4585.6 67.7171
-1.96349 2899.2 53.8442 5510.46 74.2324
-1.70169 2361.74 48.5977 4045.93 63.6076
-1.4399 1530.43 39.1208 3146.79 56.0963
-1.17809 2995.48 54.731 4645.15 68.1553
-0.916292 2994.66 54.7235 4903.85 70.0275
-0.654503 2422.03 49.2141 4605.45 67.8635
-0.392699 3182.69 56.4154 4687.82 68.4677
0.392699 654.109 25.5756 1825.97 42.7313
0.654503 2548.78 50.4855 4947.52 70.3386
0.916292 3070.44 55.4115 5591.81 74.7784
1.17809 3312.11 57.5509 5114.01 71.5123
1.4399 2398.89 48.9784 4797.37 69.2631
1.70169 3015.44 54.913 4811.13 69.3623
1.9635 2661.7 51.5917 4167.82 64.5586
2.2253 2993.66 54.7143 5642.48 75.1164
2.48709 2587.16 50.8641 4792.92 69.2309
2.74889 3502.99 59.1861 5061.92 71.1472
3.01069 4613.44 67.9223 5967.91 77.2522
