-3.01069 11122.2 105.462 12566 112.098
-2.74889 4569.4 67.5974 8032.56 89.6246
-2.48709 3746.59 61.2094 3769.9 61.3995
-2.22529 6149.56 78.4191 6329.9 79.5607
-1.96349 10424.2 102.099 7044.66 83.9325
-1.70169 6263.2 79.1404 7930.47 89.0532
-1.4399 8696.48 93.2549 6930.78 83.2513
-1.17809 8066.19 89.812 8014.65 89.5246
-0.916292 8049.91 89.7213 8216.08 90.6426
-0.654503 9871 99.3529 5304.99 72.8353
-0.392699 10635.2 103.127 7065.8 84.0583
0.392699 4734.1 68.8048 2710.69 52.0643
0.654503 8682.5 93.1799 8398.52 91.6435
0.916292 9232.94 96.0882 8615.23 92.8183
1.17809 9080.1 95.2896 8436.91 91.8527
1.4399 8961.05 94.6628 6768.64 82.2717
1.70169 9000.55 94.8712 10898.2 104.395
1.9635 7976.46 89.311 5542.84 74.4502
2.2253 8360.46 91.4356 8360.23 91.4343
2.48709 8081.67 89.8981 6329.15 79.5559
2.74889 9217.53 96.008 8508.94 92.2439
3.01069 10620.8 103.057 10423.5 102.095
