-3.01069 1601.18 40.0148 2239.15 47.3196
-2.74889 904.401 30.0733 1246.29 35.3028
-2.48709 18.7396 4.32893 1000.73 31.6343
-2.22529 704.161 26.536 1227.73 35.039
-1.96349 835.909 28.9121 1164.41 34.1235
-1.70169 633.524 25.1699 747.238 27.3357
-1.4399 416.138 20.3995 395.145 19.8783
-1.17809 840.471 28.9909 944.501 30.7327
-0.916292 784.583 28.0104 920.893 30.3462
-0.654503 739.549 27.1946 660.913 25.7082
-0.392699 890.531 29.8418 733.566 27.0844
0.392699 32.1737 5.67219 391.779 19.7934
0.654503 742.232 27.2439 892.541 29.8754
0.916292 949.902 30.8205 951.056 30.8392
1.17809 802.618 28.3305 1282.98 35.8187
1.4399 592.698 24.3454 943.849 30.7221
1.70169 794.991 28.1956 833.498 28.8704
1.9635 723.226 26.8929 760.492 27.577
2.2253 750.762 27.4 1140.79 33.7756
2.48709 805.908 28.3885 819.665 28.6298
2.74889 1099.22 33.1545 821.606 28.6637
3.01069 1886.07 43.4289 2014.69 44.8853
