-3.01069 5901.94 76.8241 4304.9 65.6117
-2.74889 3195.63 56.5299 2546.53 50.4632
-2.48709 1864.84 43.1838 1372 37.0405
-2.22529 3907.83 62.5127 3358.73 57.9546
-1.96349 5735.38 75.7323 3518.33 59.3155
-1.70169 4692.21 68.4997 3430.12 58.5672
-1.4399 3991.99 63.1822 3474.53 58.9452
-1.17809 5887.48 76.7299 2819.32 53.0973
-0.916292 4898.6 69.99 3258.28 57.0814
-0.654503 6756.49 82.1979 2600.48 50.9949
-0.392699 6059.36 77.8419 4517.59 67.213
0.392699 2725.4 52.2053 1380.29 37.1522
0.654503 5096.9 71.3926 3830.25 61.889
0.916292 5191.19 72.0499 3444.77 58.6922
1.17809 5740.65 75.7671 3848.54 62.0366
1.4399 4556.59 67.5025 3447.13 58.7122
1.70169 7053.83 83.9871 1964.01 44.3171
1.9635 4743.17 68.8707 2829.1 53.1893
2.2253 6079.87 77.9735 3120.71 55.8633
2.48709 4906.57 70.0469 3092.28 55.6082
2.74889 5952.28 77.151 4138.18 64.3287
3.01069 6451.55 80.3216 3836 61.9355
