-3.01069 2588.92 50.8814 687.146 26.2135
-2.74889 1408.24 37.5266 466.027 21.5877
-2.48709 725.461 26.9344 720.82 26.8481
-2.22529 1835.03 42.8373 1271.46 35.6575
-1.96349 2867.36 53.5477 945.064 30.7419
-1.70169 1857.69 43.1009 1428.03 37.7893
-1.4399 2920.93 54.0457 810.584 28.4708
-1.17809 2154.9 46.4209 1617.71 40.2208
-0.916292 2717.11 52.1259 896.374 29.9395
-0.654503 3285.72 57.3212 1011.78 31.8085
-0.392699 3071.58 55.4218 1695.98 41.1823
0.392699 1070.74 32.7222 546.234 23.3716
0.654503 2428.96 49.2845 1189.83 34.4938
0.916292 2035.27 45.114 1242.49 35.249
1.17809 2494.54 49.9453 1496.13 38.6798
1.4399 1988.05 44.5876 1040.22 32.2525
1.70169 2087.05 45.6842 1408.52 37.5303
1.9635 1777.68 42.1625 1184.45 34.4159
2.2253 2225.18 47.1718 1689.1 41.0987
2.48709 2115.51 45.9947 1562.3 39.5259
2.74889 2755.04 52.4885 1581.72 39.7708
3.01069 2103.09 45.8594 1801.49 42.444
