-3.01069 4499.9 67.0813 7423.62 86.1604
-2.74889 2585.75 50.8503 4250.32 65.1945
-2.48709 2145.59 46.3206 2478.98 49.7894
-2.22529 2770.67 52.6371 4507.17 67.1355
-1.96349 3230.96 56.8415 5345.58 73.1135
-1.70169 2599.66 50.9868 4164.09 64.5297
-1.4399 1753.31 41.8725 3040.18 55.1378
-1.17809 3298.84 57.4355 4463.81 66.8118
-0.916292 3319.92 57.6188 4740.06 68.8481
-0.654503 2626.28 51.2473 4750.05 68.9206
-0.392699 3580.03 59.8334 4520.1 67.2317
0.392699 734.761 27.1065 1983.85 44.5404
0.654503 2834.39 53.239 4809.34 69.3494
0.916292 3359.03 57.9572 5393.81 73.4425
1.17809 3739.77 61.1537 4880.14 69.858
1.4399 2702.43 51.9849 4618.83 67.962
1.70169 3384.69 58.1781 4616.93 67.948
1.9635 2993.95 54.717 4009.27 63.3188
2.2253 3275.49 57.2319 5445.66 73.7947
2.48709 2857.76 53.458 4675.41 68.377
2.74889 3787.84 61.5454 5156.67 71.81
3.01069 5087.31 71.3254 5678.06 75.3529
