-3.01069 2392.04 48.9085 659.463 25.68
-2.74889 1299.69 36.0512 456.197 21.3588
-2.48709 696.922 26.3993 671.138 25.9063
-2.22529 1757.1 41.9177 1189.3 34.4862
-1.96349 2706.52 52.0243 875.456 29.5881
-1.70169 1783.62 42.2329 1358.97 36.8641
-1.4399 2747.85 52.4199 754.127 27.4614
-1.17809 2064.81 45.4402 1508.47 38.839
-0.916292 2520.45 50.204 817.198 28.5867
-0.654503 3084.01 55.5339 918.246 30.3026
-0.392699 2897.84 53.8316 1582.03 39.7747
0.392699 1035.64 32.1814 558.186 23.626
0.654503 2196.65 46.8685 1139.3 33.7536
0.916292 1895.63 43.5389 1154.17 33.9731
1.17809 2379.74 48.7826 1385.28 37.2194
1.4399 1853.03 43.0468 999.132 31.609
1.70169 1980.61 44.5041 1338.91 36.5911
1.9635 1729.6 41.5885 1103.95 33.2257
2.2253 2125.56 46.1038 1556.87 39.4572
2.48709 2038.36 45.1482 1460.89 38.2217
2.74889 2576.15 50.7558 1512.89 38.8959
3.01069 1824.38 42.7127 1731.54 41.6118
