-3.01069 1942.87 44.0781 2996.53 54.7405
-2.74889 1039.82 32.2463 1695.63 41.178
-2.48709 23.996 4.89857 1305.72 36.1347
-2.22529 795.883 28.2114 1612.84 40.1602
-1.96349 970.933 31.1598 1534.59 39.1739
-1.70169 724.704 26.9203 998.339 31.5965
-1.4399 477.234 21.8457 538.762 23.2113
-1.17809 942.362 30.6979 1266.06 35.5818
-0.916292 871.963 29.529 1228.15 35.0449
-0.654503 846.801 29.0998 884.934 29.7478
-0.392699 996.662 31.57 1002.58 31.6635
0.392699 32.1737 5.67219 481.744 21.9487
0.654503 853.254 29.2105 1170.17 34.2078
0.916292 1054.71 32.4763 1270.96 35.6506
1.17809 916.078 30.2668 1663.21 40.7824
1.4399 678.766 26.0531 1230.69 35.0812
1.70169 911.059 30.1838 1105.56 33.25
1.9635 800.591 28.2947 1001.64 31.6487
2.2253 824.798 28.7193 1488.1 38.5759
2.48709 903.162 30.0527 1087.83 32.9822
2.74889 1231.3 35.0899 1134.48 33.682
3.01069 2355.39 48.5323 2714.48 52.1007
