-3.01069 9706.51 98.5216 10888 104.346
-2.74889 4094.18 63.9858 6873 82.9035
-2.48709 3304.33 57.4833 3233.48 56.8637
-2.22529 5664.63 75.2637 5347.04 73.1235
-1.96349 9282.04 96.3433 6061.42 77.8551
-1.70169 5733.26 75.7183 6617.45 81.3477
-1.4399 7721.28 87.8708 5896.28 76.7872
-1.17809 7461.28 86.3787 6745.09 82.1285
-0.916292 7430.77 86.2019 6993.82 83.6291
-0.654503 8621.54 92.8522 4736.64 68.8232
-0.392699 9509.7 97.5177 6215.27 78.837
0.392699 4084.69 63.9116 2368.89 48.6712
0.654503 8038.12 89.6556 7126.3 84.4174
0.916292 8579.26 92.6243 7327.02 85.598
1.17809 8370.44 91.4901 7124.36 84.4059
1.4399 8034.92 89.6377 5759.45 75.891
1.70169 8371.1 91.4937 9186.7 95.8473
1.9635 7062.85 84.0407 4814.24 69.3847
2.2253 7626.37 87.3291 7154.89 84.5866
2.48709 7118.77 84.3728 5452.42 73.8405
2.74889 8395.51 91.627 7238.29 85.0781
3.01069 9597.06 97.9646 8875.3 94.2088
