-3.01069 1793.85 42.3539 2617.12 51.1578
-2.74889 975.924 31.2398 1469.32 38.3317
-2.48709 22.4215 4.73513 1153.81 33.9678
-2.22529 759.282 27.5551 1420.59 37.6907
-1.96349 909.237 30.1536 1349.35 36.7335
-1.70169 687.523 26.2207 872.325 29.5352
-1.4399 449.759 21.2075 466.208 21.5918
-1.17809 894.941 29.9156 1104.87 33.2396
-0.916292 832.689 28.8564 1073.98 32.7717
-0.654503 794.99 28.1956 772.247 27.7893
-0.392699 946.963 30.7728 866.798 29.4414
0.392699 32.1721 5.67205 438.405 20.9381
0.654503 805.247 28.3769 1031.42 32.1158
0.916292 1007.64 31.7434 1110.29 33.321
1.17809 868.53 29.4708 1474.13 38.3944
1.4399 642.684 25.3512 1087.62 32.9791
1.70169 859.477 29.3168 969.114 31.1306
1.9635 763.945 27.6396 881.137 29.6839
2.2253 796.533 28.2229 1314.95 36.2623
2.48709 860.435 29.3332 953.341 30.8762
2.74889 1169.28 34.1947 976.278 31.2454
3.01069 2136.16 46.2186 2364.02 48.6212
