-3.01069 2234.36 47.269 536.348 23.1592
-2.74889 1271.06 35.6519 358.566 18.9358
-2.48709 676.277 26.0053 578.629 24.0547
-2.22529 1707.51 41.322 1016.44 31.8817
-1.96349 2558.36 50.5802 756.832 27.5106
-1.70169 1710.61 41.3595 1128.03 33.5862
-1.4399 2552.59 50.5232 646.779 25.4318
-1.17809 1996.32 44.6802 1296.91 36.0127
-0.916292 2422.12 49.2151 725.142 26.9285
-0.654503 2963.33 54.4364 820.967 28.6525
-0.392699 2852.57 53.4095 1355.89 36.8225
0.392699 971.942 31.176 404.744 20.1182
0.654503 2260.37 47.5434 932.667 30.5396
0.916292 1917.59 43.7903 996.809 31.5723
1.17809 2328.37 48.2532 1205.2 34.716
1.4399 1835.12 42.8383 813.921 28.5293
1.70169 1951.03 44.1705 1112.5 33.3541
1.9635 1627.47 40.3419 948.351 30.7953
2.2253 2084.54 45.6568 1364.09 36.9335
2.48709 1955.35 44.2194 1250.97 35.369
2.74889 2584.28 50.8358 1241.43 35.234
3.01069 2003.94 44.7653 1411.12 37.5649
