-3.01069 6405.14 80.0321 4834.27 69.5289
-2.74889 3399.47 58.305 2868.63 53.5596
-2.48709 1976.4 44.4567 1567.98 39.5977
-2.22529 4114.51 64.1445 3829.89 61.8861
-1.96349 5958.3 77.19 3995.86 63.2128
-1.70169 4876.57 69.8324 3897.47 62.4297
-1.4399 4126.44 64.2373 3954 62.8808
-1.17809 6232.99 78.9493 3215.45 56.7049
-0.916292 5153.07 71.7849 3717.3 60.9697
-0.654503 7096.15 84.2386 3016.46 54.9223
-0.392699 6283.55 79.2688 5147.58 71.7466
0.392699 2789.02 52.8112 1561.22 39.5123
0.654503 5387.25 73.3979 4362.01 66.0455
0.916292 5403.57 73.509 3960.4 62.9317
1.17809 5948.54 77.1268 4389.49 66.2532
1.4399 4799.66 69.2796 3915.58 62.5746
1.70169 7600.66 87.1818 2257.37 47.5118
1.9635 4889.39 69.9242 3254.25 57.0461
2.2253 6412.45 80.0778 3582.74 59.856
2.48709 5085.62 71.3136 3538.59 59.486
2.74889 6222.33 78.8818 4702.62 68.5756
3.01069 7182.63 84.7504 4335.42 65.8439
