-3.01069 1986.29 44.5679 3374.29 58.0887
-2.74889 1018.51 31.914 1923.12 43.8534
-2.48709 24.446 4.94429 1455.68 38.1533
-2.22529 791.462 28.1329 1803.38 42.4662
-1.96349 961.592 31.0095 1719.11 41.4621
-1.70169 723.356 26.8953 1124.44 33.5327
-1.4399 470.355 21.6877 612.325 24.7452
-1.17809 912.657 30.2102 1426.9 37.7744
-0.916292 845.27 29.0735 1382.41 37.1808
-0.654503 824.411 28.7126 998.345 31.5966
-0.392699 963.432 31.0392 1139.87 33.762
0.392699 27.8629 5.27854 522.14 22.8504
0.654503 847.052 29.1042 1308.08 36.1673
0.916292 1021.92 31.9675 1432 37.8417
1.17809 909.881 30.1642 1849.32 43.0037
1.4399 675.371 25.9879 1372.34 37.0451
1.70169 899.207 29.9868 1242.07 35.243
1.9635 768.466 27.7212 1121.34 33.4864
2.2253 812.462 28.5037 1659.36 40.7352
2.48709 882 29.6985 1222.3 34.9614
2.74889 1190.26 34.5001 1294.86 35.9841
3.01069 2428.24 49.2772 3063.04 55.3448
