-3.01069 2407.54 49.0667 609.124 24.6804
-2.74889 1334.76 36.5344 417.26 20.4269
-2.48709 710.998 26.6646 640.635 25.3108
-2.22529 1794.67 42.3635 1131.01 33.6305
-1.96349 2748.97 52.4306 830.617 28.8204
-1.70169 1815.74 42.6115 1279.66 35.7723
-1.4399 2771.52 52.6452 712.603 26.6946
-1.17809 2106.45 45.8961 1438.15 37.923
-0.916292 2572.46 50.7194 782.126 27.9665
-0.654503 3149.28 56.1185 881.336 29.6873
-0.392699 2977.48 54.5663 1502.43 38.7612
0.392699 1047.81 32.3699 500.176 22.3646
0.654503 2295.25 47.9088 1062.27 32.5925
0.916292 1964.84 44.3266 1099.95 33.1656
1.17809 2436.1 49.3569 1326.03 36.4147
1.4399 1910.17 43.7055 930.821 30.5094
1.70169 2032.87 45.0873 1260.01 35.4967
1.9635 1748.58 41.816 1050.52 32.4118
2.2253 2176.12 46.6489 1493.1 38.6407
2.48709 2073.43 45.5349 1391.9 37.3082
2.74889 2662.98 51.6041 1413.81 37.6007
3.01069 1950.91 44.1691 1618.24 40.2273
