-3.01069 4068.1 63.7817 6071.99 77.923
-2.74889 2454.48 49.5427 3480.63 58.9969
-2.48709 2130.19 46.154 1879.96 43.3585
-2.22529 2646.32 51.4423 3718.43 60.979
-1.96349 3127.68 55.9257 4390.14 66.2582
-1.70169 2417.6 49.1691 3474.71 58.9467
-1.4399 1727.85 41.5675 2472.85 49.7277
-1.17809 2997.9 54.7531 3674.35 60.6164
-0.916292 3187.84 56.461 3869.16 62.2026
-0.654503 2533.55 50.3344 3965.23 62.9701
-0.392699 3358.78 57.9549 3686.13 60.7135
0.392699 720.694 26.8457 1714.09 41.4016
0.654503 2768.56 52.6171 3941.86 62.7842
0.916292 3202.61 56.5916 4445.9 66.6776
1.17809 3546.58 59.5531 3988.08 63.1512
1.4399 2628.56 51.2694 3781.15 61.491
1.70169 3176.43 56.3599 3781.94 61.4975
1.9635 2809.39 53.0037 3298.4 57.4317
2.2253 3121.23 55.868 4488 66.9926
2.48709 2771.48 52.6449 3862.67 62.1504
2.74889 3440.31 58.6542 4275.04 65.3838
3.01069 4491.91 67.0217 4642.18 68.1336
