-3.01069 5931.1 77.0137 3817.06 61.7824
-2.74889 3089.78 55.5858 2283.53 47.7863
-2.48709 1808.24 42.5234 1288.14 35.8907
-2.22529 3893.59 62.3986 3151.36 56.137
-1.96349 5546.98 74.4781 3236.62 56.8913
-1.70169 4483.79 66.9611 3173.41 56.333
-1.4399 3785.69 61.528 3237.98 56.9033
-1.17809 5708.16 75.5524 2604.15 51.0308
-0.916292 4813.71 69.3809 3033.86 55.0804
-0.654503 6477.48 80.4828 2498.19 49.9819
-0.392699 5917.28 76.9239 4210.77 64.8905
0.392699 2467.18 49.6707 1266.42 35.5867
0.654503 5109.45 71.4804 3574.58 59.7878
0.916292 5095.61 71.3835 3292.91 57.3839
1.17809 5590.28 74.7682 3593.76 59.948
1.4399 4506.06 67.1272 3192.51 56.5023
1.70169 6717.97 81.9632 1832.67 42.8096
1.9635 4408.21 66.3943 2700.82 51.9695
2.2253 5893.46 76.7689 2931.29 54.1414
2.48709 4663.51 68.2899 2910.36 53.9477
2.74889 5854.76 76.5164 3824.52 61.8427
3.01069 6669.89 81.6694 3446.64 58.7081
