-3.01069 2636.88 51.3505 740.401 27.2103
-2.74889 1415.29 37.6204 507.488 22.5275
-2.48709 728.804 26.9964 756.431 27.5033
-2.22529 1843.1 42.9314 1338.51 36.5857
-1.96349 2902.9 53.8786 993.85 31.5254
-1.70169 1870.77 43.2524 1518.15 38.9634
-1.4399 2973.7 54.5317 855.295 29.2454
-1.17809 2166.77 46.5486 1699.4 41.2238
-0.916292 2742.47 52.3686 934.407 30.5681
-0.654503 3313.66 57.5644 1051.89 32.4329
-0.392699 3080.06 55.4983 1785.65 42.2569
0.392699 1082.77 32.9055 608.229 24.6623
0.654503 2414.76 49.1402 1274.16 35.6954
0.916292 2031.31 45.0701 1304.27 36.1146
1.17809 2503.19 50.0318 1565.48 39.5662
1.4399 1991.39 44.625 1115.3 33.3961
1.70169 2092.14 45.7399 1497.5 38.6976
1.9635 1794.94 42.3667 1245.39 35.2901
2.2253 2231.82 47.2421 1763.6 41.9953
2.48709 2129.59 46.1475 1642.9 40.5328
2.74889 2753.14 52.4704 1691.04 41.1223
3.01069 2063.75 45.4285 1928.17 43.9109
