-3.01069 1923.1 43.8532 2996.53 54.7405
-2.74889 1014.26 31.8475 1695.63 41.178
-2.48709 23.996 4.89857 1305.72 36.1347
-2.22529 787.499 28.0624 1612.84 40.1602
-1.96349 951.411 30.8449 1534.59 39.1739
-1.70169 716.851 26.7741 998.339 31.5965
-1.4399 467.842 21.6297 538.762 23.2113
-1.17809 918.932 30.3139 1266.06 35.5818
-0.916292 852.707 29.2011 1228.15 35.0449
-0.654503 823.548 28.6975 884.934 29.7478
-0.392699 971.191 31.1639 1002.58 31.6635
0.392699 31.9736 5.65452 481.744 21.9487
0.654503 839.99 28.9826 1170.17 34.2077
0.916292 1031.33 32.1144 1270.96 35.6506
1.17809 903.768 30.0627 1663.21 40.7824
1.4399 669.873 25.8819 1230.69 35.0812
1.70169 894.163 29.9026 1105.56 33.25
1.9635 778.913 27.909 1001.64 31.6487
2.2253 815.949 28.5648 1488.1 38.5759
2.48709 885.473 29.7569 1087.83 32.9822
2.74889 1199.56 34.6346 1134.48 33.682
3.01069 2320.54 48.172 2714.48 52.1007
