-3.01069 10291.8 101.449 10859.9 104.211
-2.74889 4346.5 65.928 6924.87 83.2158
-2.48709 3473 58.9322 3237.19 56.8963
-2.22529 5766.92 75.9402 5422.47 73.6374
-1.96349 9695.23 98.4643 6057.91 77.8326
-1.70169 5960.22 77.2025 6787.67 82.3873
-1.4399 8074.86 89.8602 5953.84 77.1611
-1.17809 7623.71 87.3138 6871.42 82.894
-0.916292 7671.36 87.5863 7059.09 84.0184
-0.654503 9166.89 95.7439 4595.03 67.7866
-0.392699 9971.75 99.8586 6093.12 78.0585
0.392699 4413.86 66.4369 2338.21 48.3551
0.654503 8282.47 91.0081 7214.8 84.94
0.916292 8807.07 93.846 7404.56 86.0497
1.17809 8638.05 92.9411 7238.93 85.0819
1.4399 8311.59 91.1679 5811.96 76.2362
1.70169 8592.99 92.6984 9355.66 96.7247
1.9635 7498.28 86.5926 4775.82 69.1073
2.2253 7941.54 89.1153 7192.09 84.8062
2.48709 7525.27 86.7483 5449.78 73.8226
2.74889 8709.75 93.326 7312.96 85.5158
3.01069 9813.95 99.0654 8958.57 94.6497
