-3.01069 10465.5 102.301 10435.5 102.154
-2.74889 4409.89 66.407 6813.88 82.5462
-2.48709 3474.67 58.9464 3157.98 56.1959
-2.22529 5401 73.4915 5433.43 73.7118
-1.96349 9575.66 97.8553 5860.18 76.5518
-1.70169 5810.85 76.229 6952.32 83.3806
-1.4399 7994.51 89.412 5886.29 76.7222
-1.17809 7181.96 84.7464 6929.35 83.2427
-0.916292 7379.72 85.9053 6990.05 83.6065
-0.654503 9351.48 96.7031 4120.15 64.1884
-0.392699 9895.1 99.4741 5666.71 75.2775
0.392699 4624.64 68.0047 2205.16 46.9591
0.654503 7939.79 89.1055 7190.8 84.7986
0.916292 8377 91.526 7333.01 85.633
1.17809 8303.12 91.1215 7257.5 85.191
1.4399 8065.1 89.8059 5744.38 75.7917
1.70169 8175.87 90.4205 9410.42 97.0073
1.9635 7607.55 87.2213 4550.78 67.4595
2.2253 7766.51 88.1278 7021.68 83.7955
2.48709 7589.85 87.1197 5264.34 72.5558
2.74889 8456.05 91.9568 7237.66 85.0744
3.01069 9333.4 96.6095 8871.21 94.1871
