-3.01069 6317.04 79.4798 5145.65 71.7332
-2.74889 3399.16 58.3023 3031.4 55.0582
-2.48709 1974.22 44.4322 1613.2 40.1647
-2.22529 4080.06 63.8753 3936.22 62.7393
-1.96349 5958.34 77.1903 4160.15 64.4992
-1.70169 4893.29 69.952 4040.72 63.5667
-1.4399 4149.42 64.416 4079.96 63.8746
-1.17809 6226.27 78.9067 3348.9 57.8697
-0.916292 5127.25 71.6048 3844.85 62.0068
-0.654503 7113.24 84.3401 3079.08 55.4894
-0.392699 6269.01 79.1771 5313.78 72.8957
0.392699 2842.6 53.316 1623.91 40.2978
0.654503 5331.96 73.0202 4498.21 67.0687
0.916292 5383.62 73.3732 4033.19 63.5074
1.17809 5938.97 77.0647 4527.81 67.289
1.4399 4767.92 69.0501 4055.08 63.6795
1.70169 7652.25 87.4772 2347.69 48.4529
1.9635 4946.04 70.3281 3318.61 57.6073
2.2253 6405.94 80.0371 3698.22 60.813
2.48709 5110.96 71.4909 3636.89 60.3067
2.74889 6193.85 78.701 4878.71 69.8477
3.01069 7005.38 83.6982 4591.53 67.7609
