-3.01069 10247.5 101.23 11310.3 106.35
-2.74889 4273.51 65.3721 7081.62 84.1523
-2.48709 3446.91 58.7104 3283.94 57.3057
-2.22529 5663.48 75.2561 5441.19 73.7644
-1.96349 9340.7 96.6473 6177.87 78.5994
-1.70169 6219.8 78.8657 6589.12 81.1734
-1.4399 7759.29 88.0869 6155.71 78.4583
-1.17809 7603.42 87.1976 6803.88 82.4856
-0.916292 7332.87 85.6322 7115.81 84.3553
-0.654503 8791.68 93.764 4835.35 69.5367
-0.392699 9197.76 95.9049 6427.86 80.174
0.392699 4141.61 64.3553 2402.99 49.0203
0.654503 7769.57 88.1452 7333.87 85.638
0.916292 8288.65 91.042 7479.64 86.4849
1.17809 7993.86 89.4084 7266.08 85.2413
1.4399 8125.46 90.1414 5861.32 76.5593
1.70169 8359.79 91.4319 9254.07 96.1981
1.9635 6876.67 82.9257 4986.38 70.6143
2.2253 7701.63 87.7589 7219.71 84.9689
2.48709 7337.6 85.6598 5460.58 73.8957
2.74889 8595.58 92.7123 7248.61 85.1387
3.01069 9667.08 98.3213 8997.12 94.8532
