-3.01069 5925.23 76.9755 4600.29 67.8254
-2.74889 3284.85 57.3136 2757.58 52.5126
-2.48709 2021.66 44.9629 1318 36.3043
-2.22529 3893.67 62.3993 3409.11 58.3876
-1.96349 5768.23 75.9489 3572.13 59.7673
-1.70169 4571.45 67.6125 3468.38 58.8929
-1.4399 4172.92 64.5982 3362.39 57.9861
-1.17809 5756.6 75.8723 2954.27 54.3532
-0.916292 4778.12 69.124 3357.53 57.9442
-0.654503 6713.31 81.9348 2564.73 50.6431
-0.392699 6156.73 78.4649 4613.13 67.92
0.392699 2716.64 52.1214 1444.37 38.0049
0.654503 5157.8 71.8178 3851.34 62.0592
0.916292 5098.69 71.4051 3576.36 59.8027
1.17809 5647.42 75.1493 3852.12 62.0655
1.4399 4653.14 68.2139 3394.22 58.2599
1.70169 6851.09 82.7713 2032.54 45.0837
1.9635 4764.39 69.0245 2902.12 53.8713
2.2253 5921.76 76.953 3151.55 56.1387
2.48709 4739.5 68.844 3227.46 56.8108
2.74889 6023.88 77.6137 4020.94 63.4109
3.01069 6888.15 82.9949 3738.55 61.1437
