-3.01069 2286.89 47.8215 535.157 23.1335
-2.74889 1296.64 36.0089 410.132 20.2517
-2.48709 671.872 25.9205 577.68 24.035
-2.22529 1643.5 40.5401 1046.96 32.3567
-1.96349 2713.11 52.0875 763.011 27.6226
-1.70169 1731.37 41.6098 1160.48 34.0658
-1.4399 2592.65 50.9181 633.323 25.1659
-1.17809 1990.89 44.6194 1300.46 36.0619
-0.916292 2532.15 50.3204 656.823 25.6286
-0.654503 2894.68 53.8023 814.814 28.545
-0.392699 2821.19 53.1148 1326.92 36.4269
0.392699 1060.4 32.5638 401.656 20.0414
0.654503 2315.58 48.1205 946.768 30.7696
0.916292 1857.51 43.0988 979.839 31.3024
1.17809 2369.71 48.6796 1252.11 35.3852
1.4399 1873.39 43.2827 809.687 28.455
1.70169 1826.89 42.7421 1181.49 34.3728
1.9635 1568.37 39.6026 935.513 30.5862
2.2253 2123.57 46.0823 1312.85 36.2333
2.48709 1936.56 44.0064 1292.04 35.945
2.74889 2576.4 50.7583 1159.51 34.0516
3.01069 2016.79 44.9087 1400.79 37.4271
