-3.01069 11956 109.343 12831.7 113.277
-2.74889 4838.46 69.559 8225.93 90.6969
-2.48709 3956.4 62.9 3784.73 61.5202
-2.22529 6078.84 77.9669 6444.77 80.2793
-1.96349 10569.3 102.807 7063.06 84.042
-1.70169 6812.06 82.5352 7983.54 89.3507
-1.4399 8810.47 93.8641 7192.26 84.8072
-1.17809 8148.81 90.2707 8112.05 90.0669
-0.916292 7931.86 89.061 8323.46 91.233
-0.654503 10259 101.287 5140.56 71.6977
-0.392699 10379.3 101.879 7070.33 84.0852
0.392699 4933.53 70.2391 2678.22 51.7515
0.654503 8371.42 91.4955 8634.28 92.9208
0.916292 8875.09 94.2077 8752.27 93.5535
1.17809 8657.02 93.0431 8610.86 92.7947
1.4399 9067.31 95.2224 6846.34 82.7426
1.70169 8945.47 94.5805 11003.2 104.896
1.9635 7892.83 88.8416 5614.28 74.9285
2.2253 8473.51 92.0517 8331.23 91.2756
2.48709 8453.94 91.9453 6232.91 78.9488
2.74889 9450.1 97.2116 8476.76 92.0693
3.01069 10622.9 103.067 10523.3 102.583
