-3.01069 1637.63 40.4677 2452.06 49.5182
-2.74889 815.019 28.5485 1383.89 37.2007
-2.48709 78.6367 8.86773 1027.78 32.059
-2.22529 720.121 26.8351 1264.29 35.5569
-1.96349 808.288 28.4304 1186.83 34.4504
-1.70169 564.838 23.7663 773.354 27.8092
-1.4399 421.319 20.5261 388.821 19.7186
-1.17809 849.125 29.1397 954.167 30.8896
-0.916292 944.13 30.7267 916.531 30.2743
-0.654503 755.984 27.4952 655.93 25.6111
-0.392699 876.124 29.5994 772.293 27.7902
0.392699 25.5848 5.05814 393.938 19.8479
0.654503 775.847 27.854 937.201 30.6137
0.916292 962.774 31.0286 942.354 30.6978
1.17809 749.621 27.3792 1338.03 36.579
1.4399 632.11 25.1418 959.64 30.9781
1.70169 795.13 28.1981 858.668 29.303
1.9635 648.58 25.4672 786.769 28.0494
2.2253 659.182 25.6745 1204.43 34.7048
2.48709 877.17 29.6171 827.137 28.76
2.74889 1045.36 32.3321 808.17 28.4283
3.01069 1941.73 44.065 2064.47 45.4364
