-3.01069 3711.17 60.9194 8221.66 90.6734
-2.74889 2467.95 49.6784 4556.23 67.4998
-2.48709 1792.84 42.3419 2833.34 53.2291
-2.22529 2410.65 49.0984 4626.42 68.0178
-1.96349 2947.53 54.2912 5579.03 74.6929
-1.70169 2297.53 47.9325 4082.03 63.8907
-1.4399 1478.04 38.4453 3208.39 56.6427
-1.17809 2950.2 54.3158 4672.53 68.3559
-0.916292 3090.2 55.5896 4990.6 70.6442
-0.654503 2457.91 49.5774 4709.45 68.6255
-0.392699 3056.13 55.2823 4852.96 69.6632
0.392699 645.863 25.4138 1908.35 43.6846
0.654503 2788.23 52.8037 4936.54 70.2605
0.916292 3019.07 54.946 5812.15 76.2375
1.17809 3272.07 57.202 5340.83 73.081
1.4399 2281.07 47.7605 4743.38 68.8722
1.70169 3034.35 55.0849 4908.3 70.0592
1.9635 2704.8 52.0077 4222.59 64.9815
2.2253 3139.19 56.0285 5614.21 74.928
2.48709 2612.04 51.1081 4937.38 70.2665
2.74889 3512.31 59.2648 5103.29 71.4373
3.01069 4690.28 68.4856 6153.92 78.4469
