-3.01069 11742.1 108.361 13053.3 114.251
-2.74889 4769.55 69.0619 8276.37 90.9746
-2.48709 3908.25 62.516 3828.73 61.8768
-2.22529 6148.31 78.4112 6441.35 80.258
-1.96349 10490.1 102.421 7180.01 84.7349
-1.70169 6794.71 82.4301 7896.52 88.8624
-1.4399 8739.29 93.4842 7235.73 85.0631
-1.17809 8219.87 90.6635 8084.51 89.9139
-0.916292 7943.86 89.1283 8359.39 91.4297
-0.654503 10065.8 100.328 5415.54 73.5904
-0.392699 10286.3 101.421 7307.49 85.4839
0.392699 4800.07 69.2825 2749.72 52.4377
0.654503 8392.42 91.6102 8643.15 92.9685
0.916292 8920.19 94.4468 8794.68 93.7799
1.17809 8671.59 93.1214 8604.74 92.7617
1.4399 9062.02 95.1947 6888.36 82.9962
1.70169 8988.39 94.8071 10978.1 104.777
1.9635 7766.2 88.1261 5741.03 75.7696
2.2253 8442.96 91.8856 8435.97 91.8475
2.48709 8330.11 91.2694 6338.62 79.6155
2.74889 9437.19 97.1452 8521.07 92.3097
3.01069 10698.3 103.432 10566.5 102.794
