-3.01069 1987.1 44.5769 3281.45 57.284
-2.74889 937.059 30.6114 1882.84 43.3917
-2.48709 100.694 10.0347 1341.01 36.6197
-2.22529 813.922 28.5293 1660.87 40.7538
-1.96349 938.851 30.6407 1564.14 39.5492
-1.70169 646.133 25.4191 1033.23 32.1439
-1.4399 483.176 21.9813 530.14 23.0248
-1.17809 952.065 30.8556 1279.02 35.7634
-0.916292 1049.28 32.3926 1222.33 34.9618
-0.654503 865.619 29.4214 878.263 29.6355
-0.392699 980.539 31.3136 1055.51 32.4885
0.392699 25.5848 5.05814 484.4 22.0091
0.654503 891.897 29.8646 1228.73 35.0532
0.916292 1069 32.6956 1259.33 35.4871
1.17809 855.589 29.2505 1734.57 41.6481
1.4399 723.901 26.9054 1251.28 35.3735
1.70169 911.219 30.1864 1138.95 33.7483
1.9635 717.959 26.7948 1036.25 32.1908
2.2253 724.187 26.9107 1571.1 39.6371
2.48709 983.023 31.3532 1097.74 33.1322
2.74889 1170.97 34.2195 1115.93 33.4055
3.01069 2424.9 49.2433 2781.56 52.7405
