-3.01069 6040.61 77.7214 4328.13 65.7886
-2.74889 3285.28 57.3174 2610.57 51.0938
-2.48709 2025.01 45.0001 1279.01 35.7633
-2.22529 3950.43 62.8524 3309.52 57.5284
-1.96349 5767.44 75.9436 3428.24 58.5512
-1.70169 4545.57 67.4209 3340.49 57.7969
-1.4399 4133.65 64.2935 3252.06 57.0269
-1.17809 5765.91 75.9336 2838.16 53.2744
-0.916292 4816.58 69.4016 3242.57 56.9436
-0.654503 6687.4 81.7765 2513.21 50.1319
-0.392699 6181.68 78.6237 4460.41 66.7863
0.392699 2633.04 51.3131 1385.92 37.2279
0.654503 5249.32 72.4522 3727.46 61.0529
0.916292 5132.86 71.644 3504.4 59.1979
1.17809 5662.85 75.2519 3727.75 61.0553
1.4399 4704.74 68.5911 3271.71 57.1988
1.70169 6791.47 82.4104 1959.78 44.2694
1.9635 4675.09 68.3746 2840.74 53.2986
2.2253 5930.76 77.0114 3053.93 55.2624
2.48709 4700.36 68.5592 3135.53 55.9958
2.74889 6072.31 77.925 3870.01 62.2094
3.01069 7118.67 84.3722 3538.72 59.4872
