-3.01069 1966.88 44.3495 3281.45 57.284
-2.74889 914.022 30.2328 1882.84 43.3917
-2.48709 100.694 10.0346 1341.01 36.6197
-2.22529 805.348 28.3787 1660.87 40.7538
-1.96349 919.973 30.3311 1564.14 39.5492
-1.70169 639.131 25.281 1033.23 32.1439
-1.4399 473.667 21.7639 530.14 23.0248
-1.17809 928.394 30.4696 1279.02 35.7634
-0.916292 1026.11 32.0329 1222.33 34.9618
-0.654503 841.85 29.0146 878.263 29.6355
-0.392699 955.48 30.9108 1055.51 32.4885
0.392699 25.4257 5.04239 484.4 22.0091
0.654503 878.032 29.6316 1228.72 35.0531
0.916292 1045.31 32.3312 1259.33 35.4871
1.17809 844.092 29.0533 1734.57 41.6481
1.4399 714.417 26.7286 1251.28 35.3735
1.70169 894.32 29.9052 1138.95 33.7483
1.9635 698.519 26.4295 1036.25 32.1908
2.2253 716.418 26.766 1571.1 39.6371
2.48709 963.77 31.0446 1097.74 33.1322
2.74889 1140.78 33.7755 1115.93 33.4055
3.01069 2389.03 48.8777 2781.56 52.7405
