-3.01069 6430.41 80.1898 5165.98 71.8748
-2.74889 3494.38 59.1133 3106.36 55.7347
-2.48709 2142.59 46.2882 1506.27 38.8106
-2.22529 4099.6 64.0281 3887.33 62.3484
-1.96349 5992.43 77.4108 4056.96 63.6942
-1.70169 4751.06 68.9279 3940.94 62.7769
-1.4399 4313.46 65.6769 3826.38 61.8577
-1.17809 6094.42 78.0668 3369.36 58.0462
-0.916292 5026.34 70.8967 3830.53 61.8913
-0.654503 7050.79 83.969 2974.99 54.5435
-0.392699 6384.52 79.9032 5256.45 72.5014
0.392699 2780.06 52.7263 1633.7 40.4191
0.654503 5451.61 73.835 4386.03 66.2271
0.916292 5307.3 72.8512 4111.68 64.1224
1.17809 5851.94 76.498 4393.58 66.2841
1.4399 4901.36 70.0097 3855.48 62.0925
1.70169 7382.21 85.9198 2336.14 48.3336
1.9635 4911.26 70.0804 3338.24 57.7775
2.2253 6245.69 79.0297 3618.15 60.151
2.48709 4912.45 70.0889 3693.28 60.7724
2.74889 6297.19 79.3548 4569.38 67.5972
3.01069 7668.7 87.5711 4225.28 65.0022
