-3.01069 4267.13 65.3233 8556.77 92.5028
-2.74889 2811.5 53.0236 4934.23 70.2441
-2.48709 2169.75 46.5806 2833.34 53.2291
-2.22529 2641.21 51.3927 4921.79 70.1555
-1.96349 3245.48 56.9691 5867.73 76.6011
-1.70169 2516.87 50.1684 4529.35 67.3004
-1.4399 1664.38 40.7968 3374.34 58.0891
-1.17809 3249.38 57.0033 4863.02 69.7353
-0.916292 3390.18 58.2252 5244.07 72.4159
-0.654503 2647.82 51.457 5236.25 72.3619
-0.392699 3400.54 58.3142 5090.41 71.3471
0.392699 715.66 26.7518 2168.63 46.5686
0.654503 3064.34 55.3565 5205.68 72.1504
0.916292 3279.53 57.2672 6068.4 77.9
1.17809 3646.35 60.385 5535.36 74.4
1.4399 2532.89 50.3278 4954.81 70.3904
1.70169 3370.68 58.0576 5112.28 71.5002
1.9635 3009.51 54.859 4401.75 66.3457
2.2253 3410.61 58.4004 5866.87 76.5955
2.48709 2855.58 53.4376 5208.14 72.1674
2.74889 3812.65 61.7467 5620.52 74.9701
3.01069 5207.64 72.164 6356.51 79.7277
