-3.01069 1834.69 42.8332 2865.97 53.5347
-2.74889 879.474 29.6559 1631.55 40.3924
-2.48709 94.087 9.69985 1185 34.4238
-2.22529 776.491 27.8656 1462.89 38.2478
-1.96349 879.194 29.6512 1375.33 37.0854
-1.70169 612.983 24.7585 902.813 30.0468
-1.4399 455.359 21.3391 458.747 21.4184
-1.17809 904.156 30.0692 1116.18 33.4092
-0.916292 1002.02 31.6547 1068.9 32.694
-0.654503 812.657 28.5071 766.425 27.6844
-0.392699 931.643 30.5228 912.559 30.2086
0.392699 25.5835 5.05802 440.822 20.9958
0.654503 841.715 29.0123 1083.03 32.9094
0.916292 1021.3 31.9578 1100.13 33.1683
1.17809 811.181 28.4812 1537.38 39.2094
1.4399 685.42 26.1805 1105.82 33.2539
1.70169 859.628 29.3194 998.38 31.5972
1.9635 685.096 26.1743 911.582 30.1924
2.2253 699.37 26.4456 1388.3 37.2599
2.48709 936.518 30.6026 962.031 31.0166
2.74889 1111.99 33.3465 960.312 30.9889
3.01069 2199.2 46.8956 2422.43 49.2182
