-3.01069 6341.96 79.6364 5498.73 74.1534
-2.74889 3494.07 59.1106 3282.62 57.2942
-2.48709 2140.23 46.2627 1549.71 39.3664
-2.22529 4065.27 63.7595 3995.25 63.208
-1.96349 5992.47 77.4111 4223.76 64.9905
-1.70169 4767.35 69.046 4085.79 63.9202
-1.4399 4337.49 65.8596 3948.28 62.8353
-1.17809 6087.85 78.0247 3509.2 59.2385
-0.916292 5001.15 70.7188 3961.96 62.9441
-0.654503 7067.78 84.0701 3036.75 55.1067
-0.392699 6369.75 79.8107 5426.16 73.6625
0.392699 2833.47 53.2303 1699.31 41.2226
0.654503 5395.66 73.4552 4522.98 67.2531
0.916292 5287.7 72.7166 4187.26 64.709
1.17809 5842.52 76.4364 4532.03 67.3203
1.4399 4868.94 69.7778 3992.84 63.1889
1.70169 7432.32 86.2109 2429.61 49.291
1.9635 4968.16 70.4852 3404.26 58.346
2.2253 6239.35 78.9896 3734.77 61.1128
2.48709 4936.92 70.2632 3795.89 61.6108
2.74889 6268.36 79.173 4740.49 68.8512
3.01069 7479.46 86.4839 4474.89 66.8946
