-3.01069 10865.4 104.237 11281.1 106.213
-2.74889 4536.88 67.3564 7135.06 84.4693
-2.48709 3622.86 60.1902 3287.71 57.3385
-2.22529 5765.75 75.9325 5517.94 74.2829
-1.96349 9756.5 98.775 6174.3 78.5767
-1.70169 6466.02 80.4116 6758.61 82.2107
-1.4399 8114.61 90.0811 6215.8 78.8403
-1.17809 7768.95 88.1416 6931.31 83.2545
-0.916292 7570.29 87.0074 7182.22 84.748
-0.654503 9347.79 96.684 4690.79 68.4893
-0.392699 9644.65 98.2072 6301.54 79.3822
0.392699 4475.36 66.8981 2371.88 48.7019
0.654503 8005.75 89.4749 7424.95 86.1682
0.916292 8508.75 92.2429 7558.79 86.9413
1.17809 8249.43 90.8264 7382.92 85.9239
1.4399 8405.25 91.6802 5914.76 76.9075
1.70169 8581.38 92.6358 9424.27 97.0787
1.9635 7300.63 85.4437 4946.58 70.332
2.2253 8019.91 89.5539 7257.25 85.1895
2.48709 7756.6 88.0716 5457.94 73.8778
2.74889 8917.3 94.4315 7323.38 85.5768
3.01069 9885.56 99.4261 9081.53 95.2971
