-3.01069 2649.79 51.4761 685.619 26.1843
-2.74889 1436.59 37.9023 533.048 23.0878
-2.48709 720.736 26.8465 719.639 26.8261
-2.22529 1766.24 42.0267 1309.63 36.1888
-1.96349 3040.8 55.1434 952.778 30.8671
-1.70169 1880.25 43.3618 1469.11 38.329
-1.4399 2966.77 54.4681 793.721 28.173
-1.17809 2149.03 46.3576 1622.13 40.2757
-0.916292 2840.53 53.2966 811.923 28.4943
-0.654503 3209.61 56.6534 1004.2 31.6891
-0.392699 3037.78 55.1161 1659.74 40.7399
0.392699 1168.19 34.1788 542.066 23.2823
0.654503 2488.29 49.8827 1207.81 34.7536
0.916292 1971.5 44.4016 1221.34 34.9476
1.17809 2538.82 50.3867 1554.36 39.4254
1.4399 2029.51 45.0501 1034.81 32.1685
1.70169 1954.25 44.2069 1495.88 38.6766
1.9635 1713.12 41.3898 1168.42 34.1821
2.2253 2266.84 47.6114 1625.66 40.3195
2.48709 2095.18 45.7732 1613.6 40.1696
2.74889 2746.65 52.4085 1477.34 38.4362
3.01069 2116.58 46.0063 1788.3 42.2883
