-3.01069 3890.88 62.3769 7882.91 88.7857
-2.74889 2643.88 51.4186 4454.13 66.7393
-2.48709 2022.5 44.9722 2527.1 50.2702
-2.22529 2538.93 50.3878 4547.29 67.4336
-1.96349 3125.72 55.9081 5412.1 73.567
-1.70169 2396.17 48.9507 4075.95 63.8432
-1.4399 1596.28 39.9535 3099.69 55.6748
-1.17809 3053.19 55.2557 4490.12 67.0084
-0.916292 3262.29 57.1164 4823.92 69.4544
-0.654503 2572.52 50.72 4704.97 68.5928
-0.392699 3222.18 56.7643 4679.33 68.4056
0.392699 690.093 26.2696 1941.26 44.0598
0.654503 2961.63 54.4209 4798.67 69.2724
0.916292 3163.42 56.2443 5606.35 74.8755
1.17809 3467.19 58.8828 5096.59 71.3904
1.4399 2433.76 49.3332 4566.85 67.5785
1.70169 3197.09 56.5428 4710.17 68.6307
1.9635 2851.91 53.4033 4061.96 63.7335
2.2253 3289.02 57.3499 5418.37 73.6096
2.48709 2760.53 52.5408 4816.33 69.3998
2.74889 3612.67 60.1055 5058.81 71.1253
3.01069 4794.88 69.2451 5855.04 76.5183
