-3.01069 11048.8 105.113 10840.2 104.116
-2.74889 4603.05 67.8458 7020.7 83.7896
-2.48709 3624.6 60.2047 3207.26 56.6326
-2.22529 5399.91 73.4841 5529.1 74.3579
-1.96349 9636.19 98.1641 5972.76 77.2837
-1.70169 6303.98 79.3976 6922.56 83.2019
-1.4399 8033.87 89.6318 6145.28 78.3919
-1.17809 7318.78 85.5499 6989.74 83.6047
-0.916292 7282.49 85.3375 7111.97 84.3325
-0.654503 9536.03 97.6526 4206.01 64.8538
-0.392699 9570.52 97.829 5860.54 76.5541
0.392699 4689.08 68.4768 2236.9 47.2959
0.654503 7674.53 87.6044 7400.25 86.0247
0.916292 8093.25 89.9625 7485.75 86.5202
1.17809 7929.57 89.0481 7401.87 86.0341
1.4399 8155.98 90.3104 5845.99 76.4591
1.70169 8164.83 90.3595 9479.43 97.3623
1.9635 7407.01 86.064 4713.5 68.655
2.2253 7843.15 88.5616 7085.29 84.1742
2.48709 7823.17 88.4487 5272.22 72.6101
2.74889 8657.56 93.046 7247.97 85.135
3.01069 9401.5 96.9613 8992.97 94.8313
