-3.01069 4327.41 65.7831 7882.91 88.7857
-2.74889 2870.92 53.581 4541.98 67.3942
-2.48709 2247.72 47.4102 2527.1 50.2702
-2.22529 2665.89 51.6323 4547.29 67.4336
-1.96349 3284.82 57.3133 5412.1 73.567
-1.70169 2528.98 50.2889 4201.24 64.817
-1.4399 1693.29 41.1496 3099.69 55.6748
-1.17809 3248.98 56.9998 4490.12 67.0084
-0.916292 3425.85 58.5307 4823.92 69.4544
-0.654503 2665.19 51.6255 4857.32 69.6945
-0.392699 3437.67 58.6316 4679.33 68.4056
0.392699 725.499 26.9351 2073.35 45.534
0.654503 3100.67 55.6837 4798.67 69.2724
0.916292 3302.84 57.4703 5606.35 74.8755
1.17809 3694.57 60.7829 5096.59 71.3904
1.4399 2569.7 50.6922 4566.85 67.5785
1.70169 3405.91 58.3602 4710.17 68.6307
1.9635 3042.43 55.1582 4061.96 63.7335
2.2253 3434.73 58.6066 5418.37 73.6096
2.48709 2885.24 53.7144 4816.33 69.3998
2.74889 3797.92 61.6272 5198.81 72.1028
3.01069 5172.04 71.9169 5855.04 76.5183
