-3.01069 11138.4 105.539 11131.2 105.504
-2.74889 4646.29 68.1637 7119.77 84.3788
-2.48709 3683.43 60.6913 3265.24 57.1422
-2.22529 5676.07 75.3397 5555.34 74.5341
-1.96349 9857.17 99.2833 6115.05 78.1988
-1.70169 6494.02 80.5855 6881.63 82.9556
-1.4399 8208.13 90.5987 6222.4 78.8822
-1.17809 7672.47 87.5927 7005.32 83.6978
-0.916292 7553.36 86.9101 7188.64 84.7858
-0.654503 9601.19 97.9857 4487.83 66.9913
-0.392699 9771.01 98.8484 6115.03 78.1987
0.392699 4660.56 68.2683 2317.66 48.1421
0.654503 7973.96 89.297 7454.74 86.3408
0.916292 8443.05 91.8861 7571.71 87.0156
1.17809 8227.86 90.7075 7440.41 86.2578
1.4399 8415.59 91.7365 5918.83 76.9339
1.70169 8516.19 92.2832 9515.73 97.5486
1.9635 7479.66 86.485 4859.71 69.7116
2.2253 8067.25 89.8179 7226.27 85.0075
2.48709 7921.67 89.0037 5402.79 73.5037
2.74889 8938.08 94.5414 7333.98 85.6386
3.01069 9794.86 98.969 9089.18 95.3372
