-3.01069 2698.87 51.9507 738.757 27.1801
-2.74889 1443.78 37.9971 580.472 24.093
-2.48709 724.058 26.9083 755.192 27.4807
-2.22529 1774.01 42.119 1378.7 37.1309
-1.96349 3078.49 55.4842 1001.96 31.6538
-1.70169 1893.48 43.5141 1561.81 39.5198
-1.4399 3020.37 54.9579 837.501 28.9396
-1.17809 2160.87 46.4852 1704.04 41.2801
-0.916292 2867.04 53.5448 846.373 29.0925
-0.654503 3236.91 56.8938 1044.01 32.3111
-0.392699 3046.17 55.1921 1747.49 41.803
0.392699 1181.31 34.3703 603.588 24.568
0.654503 2473.74 49.7367 1293.43 35.9642
0.916292 1967.67 44.3584 1282.06 35.8059
1.17809 2547.62 50.474 1626.42 40.3289
1.4399 2032.92 45.0879 1109.5 33.3091
1.70169 1959.02 44.2608 1590.37 39.8795
1.9635 1729.75 41.5903 1228.53 35.0504
2.2253 2273.6 47.6823 1697.36 41.199
2.48709 2109.12 45.9252 1696.85 41.1928
2.74889 2744.75 52.3904 1579.45 39.7423
3.01069 2076.99 45.574 1914.05 43.7499
