-3.01069 2448.28 49.4801 657.998 25.6515
-2.74889 1325.85 36.4122 521.805 22.843
-2.48709 692.383 26.3132 670.038 25.8851
-2.22529 1691.23 41.1246 1225.01 35.0001
-1.96349 2870.24 53.5746 882.603 29.7086
-1.70169 1805.27 42.4885 1398.05 37.3906
-1.4399 2790.97 52.8296 738.438 27.1742
-1.17809 2059.19 45.3783 1512.59 38.892
-0.916292 2634.94 51.3316 740.206 27.2067
-0.654503 3012.58 54.8869 911.365 30.1888
-0.392699 2865.95 53.5346 1548.22 39.3474
0.392699 1129.89 33.6139 553.927 23.5357
0.654503 2250.31 47.4374 1156.53 34.0078
0.916292 1836.24 42.8514 1134.53 33.6827
1.17809 2421.99 49.2137 1439.21 37.9369
1.4399 1891.67 43.4933 993.934 31.5267
1.70169 1854.59 43.0649 1421.95 37.7087
1.9635 1666.78 40.8263 1089 33.0001
2.2253 2165.36 46.5335 1498.4 38.7091
2.48709 2018.77 44.9307 1508.86 38.8441
2.74889 2568.3 50.6784 1413.06 37.5907
3.01069 1836.08 42.8495 1718.87 41.4592
