-3.01069 2464.15 49.6402 607.771 24.653
-2.74889 1361.63 36.9003 477.268 21.8465
-2.48709 706.368 26.5776 639.585 25.29
-2.22529 1727.39 41.5619 1164.97 34.1316
-1.96349 2915.25 53.993 837.398 28.9378
-1.70169 1837.79 42.8694 1316.47 36.2831
-1.4399 2815.01 53.0567 697.778 26.4155
-1.17809 2100.71 45.8335 1442.08 37.9747
-0.916292 2689.31 51.8585 708.439 26.6165
-0.654503 3076.33 55.4647 874.731 29.5758
-0.392699 2944.72 54.2652 1470.32 38.3448
0.392699 1143.17 33.8108 496.36 22.2791
0.654503 2351.31 48.4903 1078.33 32.8379
0.916292 1903.28 43.6266 1081.23 32.882
1.17809 2479.35 49.793 1377.65 37.1166
1.4399 1950.01 44.1589 925.979 30.4299
1.70169 1903.52 43.6293 1338.16 36.5808
1.9635 1685.08 41.0497 1036.3 32.1917
2.2253 2216.87 47.0836 1437.02 37.9081
2.48709 2053.5 45.3156 1437.6 37.9157
2.74889 2654.87 51.5254 1320.51 36.3389
3.01069 1963.42 44.3105 1606.39 40.0798
