-3.01069 5954.5 77.1654 4078.98 63.8669
-2.74889 3176.05 56.3564 2472.78 49.727
-2.48709 1960.29 44.2752 1237.45 35.1773
-2.22529 3879.48 62.2855 3198.62 56.5564
-1.96349 5578.75 74.6911 3286.11 57.3246
-1.70169 4368.39 66.0938 3208.8 56.6463
-1.4399 3957.28 62.9069 3133.47 55.9774
-1.17809 5581.27 74.7079 2728.8 52.2379
-0.916292 4695.33 68.5225 3126.27 55.913
-0.654503 6436.08 80.2252 2463.85 49.6372
-0.392699 6012.37 77.5395 4299.83 65.5731
0.392699 2459.25 49.5908 1325.21 36.4035
0.654503 5170.49 71.9061 3594.26 59.9522
0.916292 5004.82 70.7448 3418.69 58.4696
1.17809 5499.5 74.1586 3597.11 59.9759
1.4399 4601.54 67.8347 3143.51 56.067
1.70169 6524.89 80.7768 1896.62 43.5501
1.9635 4427.93 66.5427 2770.53 52.6358
2.2253 5740.2 75.7641 2960.26 54.4083
2.48709 4504.71 67.1172 3037.59 55.1144
2.74889 5925.19 76.9753 3716.17 60.9604
3.01069 7121.26 84.3875 3359.08 57.9576
