-3.01069 3959.56 62.9251 7179.25 84.7304
-2.74889 2730.4 52.2532 4136.55 64.316
-2.48709 2164.63 46.5256 2220.89 47.1263
-2.22529 2582.96 50.8228 4156.94 64.4743
-1.96349 3200.01 56.5686 4937.42 70.2668
-1.70169 2414.37 49.1362 3859.83 62.1275
-1.4399 1655.86 40.6923 2814.97 53.0563
-1.17809 3053.91 55.2622 4100.93 64.0385
-0.916292 3326.74 57.6779 4387.99 66.2419
-0.654503 2607.96 51.0682 4463.27 66.8077
-0.392699 3278.76 57.2604 4254.13 65.2237
0.392699 710.567 26.6565 1905.88 43.6564
0.654503 3036.66 55.1059 4374.06 66.1367
0.916292 3205.45 56.6167 5123.68 71.5799
1.17809 3544.11 59.5324 4639.42 68.1133
1.4399 2503.55 50.0355 4161.05 64.5062
1.70169 3251.22 57.0195 4291.89 65.5125
1.9635 2902.12 53.8713 3708.47 60.8972
2.2253 3332.33 57.7263 4951.05 70.3637
2.48709 2819.3 53.097 4406.43 66.3809
2.74889 3591.5 59.9291 4761.61 69.0044
3.01069 4752.68 68.9397 5331.43 73.0166
