-3.01069 2075.84 45.5614 3695.14 60.7876
-2.74889 960.561 30.9929 2135.45 46.211
-2.48709 102.583 10.1283 1495.02 38.6655
-2.22529 829.851 28.8071 1857.08 43.0939
-1.96349 966.328 31.0858 1752.21 41.8593
-1.70169 661.218 25.7141 1163.74 34.1136
-1.4399 495.023 22.2491 602.525 24.5464
-1.17809 967.428 31.1035 1441.51 37.9672
-0.916292 1063.91 32.6176 1375.86 37.0926
-0.654503 885.73 29.7612 990.819 31.4773
-0.392699 995.643 31.5538 1200.05 34.6417
0.392699 25.5835 5.05802 525.018 22.9133
0.654503 914.534 30.2413 1373.53 37.0611
0.916292 1083.38 32.9147 1418.89 37.6682
1.17809 875.164 29.5832 1928.66 43.9165
1.4399 741.234 27.2256 1395.3 37.3537
1.70169 933.378 30.5512 1279.58 35.7712
1.9635 726.253 26.9491 1160.08 34.06
2.2253 732.685 27.0682 1751.92 41.8559
2.48709 999.374 31.6129 1233.44 35.1204
2.74889 1189.31 34.4863 1273.68 35.6887
3.01069 2569.05 50.6858 3138.73 56.0244
