-3.01069 2031.51 45.0723 3695.14 60.7876
-2.74889 917.847 30.296 2135.45 46.211
-2.48709 102.582 10.1283 1495.02 38.6655
-2.22529 809.401 28.45 1857.08 43.0939
-1.96349 929.818 30.4929 1752.21 41.8593
-1.70169 644.931 25.3955 1163.74 34.1136
-1.4399 476.212 21.8223 602.525 24.5464
-1.17809 922.054 30.3653 1441.51 37.9672
-0.916292 1017.16 31.8929 1375.86 37.0926
-0.654503 842.732 29.0298 990.819 31.4773
-0.392699 947.846 30.7871 1200.05 34.6417
0.392699 22.1568 4.7071 525.018 22.9133
0.654503 885.414 29.7559 1373.53 37.0611
0.916292 1035.77 32.1834 1418.89 37.6682
1.17809 849.801 29.1513 1928.66 43.9165
1.4399 720.281 26.838 1395.3 37.3537
1.70169 899.365 29.9894 1279.58 35.7712
1.9635 689.15 26.2517 1160.08 34.06
2.2253 713.356 26.7087 1751.92 41.8559
2.48709 959.99 30.9837 1233.44 35.1204
2.74889 1131.94 33.6443 1273.68 35.6887
3.01069 2499.9 49.999 3138.73 56.0244
