-3.01069 2409 49.0815 567.945 23.8316
-2.74889 1351.74 36.766 440.816 20.9956
-2.48709 699.87 26.455 608.634 24.6705
-2.22529 1712.24 41.3793 1105.39 33.2474
-1.96349 2862.18 53.4993 797.967 28.2483
-1.70169 1813.89 42.5898 1237.08 35.1722
-1.4399 2747.41 52.4158 663.245 25.7535
-1.17809 2078.77 45.5935 1371.04 37.0275
-0.916292 2654.37 51.5206 680.982 26.0956
-0.654503 3036.67 55.106 842.92 29.0331
-0.392699 2930.12 54.1306 1396.66 37.3719
0.392699 1120.48 33.4735 445.742 21.1126
0.654503 2373.18 48.7152 1009.06 31.7657
0.916292 1910.17 43.7055 1029.61 32.0876
1.17809 2462.65 49.6251 1314.95 36.2623
1.4399 1944.04 44.0912 865.014 29.4111
1.70169 1894.63 43.5274 1257.93 35.4674
1.9635 1653.61 40.6646 985.058 31.3856
2.2253 2203.63 46.9428 1374.89 37.0796
2.48709 2027.2 45.0245 1364.9 36.9446
2.74889 2657.64 51.5523 1236.45 35.1631
3.01069 2023.81 44.9868 1500.42 38.7353
