-3.01069 3912.16 62.5473 6447.66 80.2973
-2.74889 2725.18 52.2032 3719.47 60.9875
-2.48709 2231.58 47.2396 1916.45 43.7772
-2.22529 2546.24 50.4603 3751.53 61.2497
-1.96349 3179.82 56.3899 4444.77 66.6691
-1.70169 2351.87 48.4961 3505.71 59.209
-1.4399 1668.7 40.8498 2521.25 50.212
-1.17809 2952.59 54.3378 3696.01 60.7948
-0.916292 3289.55 57.3546 3937.61 62.7503
-0.654503 2571.09 50.7059 4054.78 63.6771
-0.392699 3225.21 56.7909 3815.98 61.7736
0.392699 711.609 26.676 1791.42 42.3251
0.654503 3028.66 55.0332 3933.11 62.7145
0.916292 3149.03 56.1162 4621.09 67.9786
1.17809 3503.7 59.1921 4164.96 64.5365
1.4399 2499.46 49.9946 3738.59 61.144
1.70169 3196.35 56.5363 3858.32 62.1154
1.9635 2854.88 53.4311 3341.75 57.8079
2.2253 3272.97 57.2099 4465.52 66.8245
2.48709 2798.13 52.8974 3979.09 63.0801
2.74889 3449.46 58.7321 4309.97 65.6504
3.01069 4566.73 67.5776 4786.87 69.1872
