-3.01069 5615.32 74.9355 4901.37 70.0098
-2.74889 3174.78 56.3452 2915.02 53.991
-2.48709 1950.37 44.163 1353.12 36.7848
-2.22529 3707.24 60.8871 3492.71 59.0992
-1.96349 5581.61 74.7102 3716.02 60.9591
-1.70169 4446.33 66.6808 3589.37 59.9114
-1.4399 4076.2 63.8451 3460.35 58.8248
-1.17809 5553.7 74.5231 3078.49 55.4842
-0.916292 4580.29 67.6778 3468.8 58.8965
-0.654503 6513.56 80.7066 2618.85 51.1747
-0.392699 5936.44 77.0483 4752.44 68.9379
0.392699 2710.46 52.0621 1498.88 38.7153
0.654503 4893.31 69.9522 3961.34 62.9392
0.916292 4899.99 69.9999 3630.07 60.25
1.17809 5452.88 73.8436 3965.82 62.9748
1.4399 4446.01 66.6784 3507.42 59.2235
1.70169 6699.44 81.8501 2119.02 46.0328
1.9635 4696.38 68.5301 2951.52 54.3279
2.2253 5713.55 75.588 3253.81 57.0422
2.48709 4622.76 67.9909 3310.43 57.5363
2.74889 5777.77 76.0117 4165.19 64.5383
3.01069 6446.06 80.2873 3966.07 62.9767
