3.01069 26235 161.972 13764 117.32
2.74889 14354 119.808 7694 87.7154
2.48709 7984 89.3532 4416 66.453
2.2253 15654 125.116 8457 91.9619
1.9635 20924 144.651 10002 100.01
1.70169 17808 133.447 8756 93.5735
1.4399 18403 135.658 9116 95.4777
1.17809 19355 139.122 9281 96.3379
0.916292 18570 136.272 9418 97.0464
0.654503 19422 139.363 9982 99.91
0.392699 23007 151.681 11562 107.527
0.130894 1809 42.5323 1285 35.8469
-0.130894 3313 57.5587 1935 43.9886
-0.392699 9413 97.0206 3855 62.0886
-0.654503 20146 141.937 9895 99.4736
-0.916292 19884 141.011 9826 99.1262
-1.17809 21103 145.269 10097 100.484
-1.4399 18403 135.658 9134 95.572
-1.70169 22450 149.833 10955 104.666
-1.96349 16643 129.008 8023 89.5712
-2.22529 20374 142.738 10931 104.551
-2.48709 17227 131.252 8558 92.5095
-2.74889 21639 147.102 10545 102.689
-3.01069 25003 158.123 13803 117.486
