3.01069 27302 165.233 14372 119.883
2.74889 15092 122.85 8018 89.5433
2.48709 8154 90.2995 4381 66.1891
2.2253 15842 125.865 8559 92.5149
1.9635 21079 145.186 10298 101.479
1.70169 17860 133.641 8895 94.3133
1.4399 18535 136.143 9151 95.6609
1.17809 19406 139.305 9420 97.0567
0.916292 18778 137.033 9836 99.1766
0.654503 19506 139.664 10038 100.19
0.392699 23190 152.283 11871 108.954
0.130894 1860 43.1277 1180 34.3511
-0.130894 3343 57.8187 1934 43.9773
-0.392699 9542 97.6832 3899 62.442
-0.654503 20266 142.359 10071 100.354
-0.916292 19910 141.103 10022 100.11
-1.17809 20893 144.544 10148 100.737
-1.4399 18609 136.415 9173 95.7758
-1.70169 22347 149.489 10948 104.633
-1.96349 16823 129.704 8213 90.6256
-2.22529 20264 142.352 10947 104.628
-2.48709 17285 131.472 8777 93.6856
-2.74889 21823 147.726 10537 102.65
-3.01069 25403 159.383 13877 117.801
