3.01069 3656 60.4649 1923 43.852
2.74889 2124 46.0869 1062 32.5883
2.48709 1557 39.4588 839 28.9655
2.2253 3321 57.6281 1516 38.9358
1.9635 4268 65.3299 1900 43.589
1.70169 3639 60.3241 1716 41.4246
1.4399 4022 63.4192 1908 43.6807
1.17809 4034 63.5138 1942 44.0681
0.916292 3832 61.9032 1851 43.0232
0.654503 4441 66.6408 2043 45.1996
0.392699 4984 70.5975 2285 47.8017
0.130894 225 15 117 10.8167
-0.130894 598 24.454 334 18.2757
-0.392699 1891 43.4856 708 26.6083
-0.654503 3954 62.8808 1933 43.9659
-0.916292 3336 57.7581 1591 39.8873
-1.17809 4355 65.9924 1880 43.359
-1.4399 3306 57.4978 1555 39.4335
-1.70169 3715 60.9508 1775 42.1307
-1.96349 3097 55.6507 1434 37.8682
-2.22529 4139 64.3351 2034 45.0999
-2.48709 3999 63.2376 1808 42.5206
-2.74889 4522 67.2458 2037 45.1331
-3.01069 4179 64.6452 2433 49.3254
