3.01069 25580 159.937 17297 131.518
2.74889 14190 119.122 10142 100.707
2.48709 9339 96.6385 8484 92.1086
2.2253 14362 119.842 9656 98.2649
1.9635 18094 134.514 11851 108.862
1.70169 14204 119.181 9021 94.9789
1.4399 12064 109.836 7799 88.3119
1.17809 16314 127.726 10645 103.175
0.916292 17111 130.809 11215 105.901
0.654503 15145 123.065 10020 100.1
0.392699 16736 129.368 11134 105.518
0.130894 2585 50.8429 1990 44.6094
-0.130894 4788 69.1954 2500 50
-0.392699 6291 79.3158 3265 57.1402
-0.654503 16885 129.942 10620 103.053
-0.916292 18715 136.803 11883 109.009
-1.17809 18125 134.629 11302 106.311
-1.4399 15687 125.248 10052 100.26
-1.70169 17850 133.604 11494 107.21
-1.96349 14164 119.013 8931 94.504
-2.22529 17548 132.469 12029 109.677
-2.48709 15786 125.642 9848 99.2371
-2.74889 18545 136.18 12001 109.549
-3.01069 22395 149.65 14799 121.651
