3.01069 26659 163.276 18452 135.838
2.74889 15078 122.793 10690 103.392
2.48709 9598 97.9694 8700 93.2738
2.2253 14420 120.083 9864 99.3177
1.9635 18254 135.107 11959 109.357
1.70169 14521 120.503 9081 95.2943
1.4399 12190 110.408 8076 89.8666
1.17809 16485 128.394 10662 103.257
0.916292 17225 131.244 11199 105.825
0.654503 15557 124.728 10193 100.96
0.392699 16769 129.495 11353 106.55
0.130894 2705 52.0096 2051 45.288
-0.130894 4917 70.1213 2645 51.4296
-0.392699 6400 80 3401 58.3181
-0.654503 17158 130.989 10681 103.349
-0.916292 18650 136.565 12258 110.716
-1.17809 18284 135.218 11555 107.494
-1.4399 15777 125.607 9940 99.6995
-1.70169 18075 134.443 11733 108.319
-1.96349 14345 119.771 9115 95.4725
-2.22529 17815 133.473 12197 110.44
-2.48709 16179 127.197 10083 100.414
-2.74889 18552 136.206 11868 108.94
-3.01069 23047 151.812 14979 122.389
