3.01069 3567 59.7244 1905 43.6463
2.74889 2041 45.1774 970 31.1448
2.48709 1574 39.6737 830 28.8097
2.2253 3315 57.576 1498 38.704
1.9635 4057 63.6946 1878 43.3359
1.70169 3573 59.7746 1724 41.5211
1.4399 4010 63.3246 1923 43.852
1.17809 4061 63.726 1913 43.7379
0.916292 3826 61.8547 1931 43.9431
0.654503 4535 67.3424 2119 46.0326
0.392699 5077 71.2531 2363 48.6107
0.130894 189 13.7477 136 11.6619
-0.130894 609 24.6779 288 16.9706
-0.392699 1801 42.4382 722 26.8701
-0.654503 3827 61.8628 1899 43.5775
-0.916292 3465 58.8643 1636 40.4475
-1.17809 4223 64.9846 1794 42.3556
-1.4399 3261 57.1052 1587 39.8372
-1.70169 3724 61.0246 1698 41.2068
-1.96349 3197 56.542 1439 37.9342
-2.22529 4166 64.5446 2085 45.6618
-2.48709 3943 62.7933 1760 41.9524
-2.74889 4633 68.0661 2126 46.1086
-3.01069 4174 64.6065 2480 49.7996
