-3.01069 2005 44.7772 3640 60.3324
-2.74889 737 27.1477 1540 39.2428
-2.48709 682 26.1151 1279 35.7631
-2.22529 735 27.1109 1452 38.1051
-1.96349 588 24.2487 1101 33.1813
-1.70169 643 25.3574 1291 35.9305
-1.4399 631 25.1197 1264 35.5528
-1.17809 886 29.7658 1633 40.4104
-0.916292 856 29.2575 1454 38.1314
-0.654503 722 26.8701 1288 35.8887
-0.392699 178 13.3417 265 16.2788
-0.130894 636 25.219 1064 32.619
0.130894 137 11.7047 315 17.7482
0.392699 675 25.9808 1340 36.606
0.654503 591 24.3105 1120 33.4664
0.916292 729 27 1386 37.229
1.17809 780 27.9285 1497 38.6911
1.4399 341 18.4662 736 27.1293
1.70169 576 24 1199 34.6266
1.9635 879 29.6479 1856 43.0813
2.2253 910 30.1662 1857 43.0929
2.48709 542 23.2809 1332 36.4966
2.74889 1151 33.9264 2550 50.4975
3.01069 2092 45.7384 3922 62.6259
