-3.01069 3745 61.1964 2905 53.8981
-2.74889 4247 65.169 2478 49.7795
-2.48709 3667 60.5558 2157 46.4435
-2.22529 3870 62.2093 2385 48.8365
-1.96349 2843 53.3198 1748 41.8091
-1.70169 3429 58.5577 2109 45.9239
-1.4399 3022 54.9727 1925 43.8748
-1.17809 3901 62.458 2151 46.3789
-0.916292 3076 55.4617 1911 43.715
-0.654503 3543 59.5231 2260 47.5395
-0.392699 1709 41.3401 872 29.5296
-0.130894 529 23 361 19
0.130894 189 13.7477 147 12.1244
0.392699 4667 68.3154 2691 51.8748
0.654503 4113 64.1327 2426 49.2544
0.916292 3518 59.3127 2192 46.8188
1.17809 3658 60.4814 2199 46.8935
1.4399 3696 60.7947 2276 47.7074
1.70169 3269 57.1752 2045 45.2217
1.9635 3869 62.2013 2276 47.7074
2.2253 3000 54.7723 1727 41.5572
2.48709 1447 38.0395 1001 31.6386
2.74889 1873 43.2782 1188 34.4674
3.01069 3264 57.1314 2328 48.2494
