-3.01069 22729 150.761 16768 129.491
-2.74889 20009 141.453 12816 113.208
-2.48709 15883 126.028 10440 102.176
-2.22529 18707 136.774 12869 113.442
-1.96349 15449 124.294 9718 98.5799
-1.70169 20613 143.572 13384 115.689
-1.4399 16990 130.346 11145 105.57
-1.17809 19340 139.068 12278 110.806
-0.916292 18513 136.062 12033 109.695
-0.654503 18424 135.735 12168 110.309
-0.392699 8787 93.739 4791 69.217
-0.130894 3029 55.0364 2351 48.4871
0.130894 1672 40.8901 1454 38.1314
0.392699 21337 146.072 14272 119.465
0.654503 18100 134.536 11975 109.43
0.916292 17414 131.962 11768 108.48
1.17809 18090 134.499 11537 107.41
1.4399 16778 129.53 11220 105.925
1.70169 16382 127.992 10706 103.47
1.9635 19414 139.334 12389 111.306
2.2253 14339 119.746 10365 101.809
2.48709 7333 85.6329 5335 73.0411
2.74889 13389 115.711 9809 99.0404
3.01069 24265 155.772 17514 132.34
