-3.01069 21234 145.719 17340 131.681
-2.74889 17344 131.697 13890 117.856
-2.48709 14886 122.008 11501 107.243
-2.22529 16346 127.851 13690 117.004
-1.96349 13445 115.953 10306 101.518
-1.70169 16871 129.888 13376 115.655
-1.4399 14620 120.913 11386 106.705
-1.17809 17112 130.813 13157 114.704
-0.916292 17456 132.121 13846 117.669
-0.654503 16099 126.882 12319 110.991
-0.392699 5957 77.1816 3890 62.3699
-0.130894 4677 68.3886 3032 55.0636
0.130894 2490 49.8999 2305 48.0104
0.392699 15854 125.913 13125 114.564
0.654503 14624 120.93 11575 107.587
0.916292 16116 126.949 12943 113.767
1.17809 15404 124.113 12306 110.932
1.4399 11587 107.643 9237 96.1093
1.70169 13465 116.039 10410 102.029
1.9635 17140 130.92 13757 117.29
2.2253 13445 115.953 11209 105.873
2.48709 8825 93.9415 9526 97.6012
2.74889 13839 117.639 12060 109.818
3.01069 24735 157.274 20925 144.655
