-3.01069 22433 149.777 16777 129.526
-2.74889 19875 140.979 12531 111.942
-2.48709 15732 125.427 10304 101.509
-2.22529 18441 135.798 13003 114.031
-1.96349 15368 123.968 9616 98.0612
-1.70169 20230 142.232 13043 114.206
-1.4399 16593 128.814 11110 105.404
-1.17809 19182 138.499 11964 109.38
-0.916292 17963 134.026 11656 107.963
-0.654503 18339 135.422 11917 109.165
-0.392699 8629 92.8924 4758 68.9783
-0.130894 2905 53.8981 2326 48.2286
0.130894 1596 39.95 1424 37.7359
0.392699 20938 144.7 13690 117.004
0.654503 17657 132.88 11625 107.819
0.916292 16714 129.283 11298 106.292
1.17809 17381 131.837 11120 105.451
1.4399 16845 129.788 10896 104.384
1.70169 16111 126.929 10615 103.029
1.9635 19055 138.04 12055 109.795
2.2253 14259 119.411 10018 100.09
2.48709 7278 85.3112 5149 71.7565
2.74889 13137 114.617 9250 96.1769
3.01069 23632 153.727 16808 129.646
