-3.01069 2027 45.0222 3643 60.3573
-2.74889 749 27.3679 1455 38.1445
-2.48709 689 26.2488 1209 34.7707
-2.22529 772 27.7849 1409 37.5366
-1.96349 570 23.8747 1023 31.9844
-1.70169 673 25.9422 1287 35.8748
-1.4399 661 25.7099 1267 35.5949
-1.17809 836 28.9137 1617 40.2119
-0.916292 759 27.55 1406 37.4967
-0.654503 692 26.3059 1236 35.1568
-0.392699 171 13.0767 276 16.6132
-0.130894 557 23.6008 999 31.607
0.130894 121 11 295 17.1756
0.392699 609 24.6779 1287 35.8748
0.654503 550 23.4521 1043 32.2955
0.916292 711 26.6646 1413 37.5899
1.17809 734 27.0924 1413 37.5899
1.4399 312 17.6635 710 26.6458
1.70169 551 23.4734 1189 34.4819
1.9635 843 29.0345 1770 42.0714
2.2253 901 30.0167 1771 42.0833
2.48709 520 22.8035 1261 35.5106
2.74889 1051 32.4191 2228 47.2017
3.01069 2077 45.5741 3944 62.8013
