-3.01069 20801 144.226 16867 129.873
-2.74889 17195 131.13 13365 115.607
-2.48709 15034 122.613 11201 105.835
-2.22529 16543 128.62 13613 116.675
-1.96349 13249 115.104 10189 100.941
-1.70169 16675 129.132 13151 114.678
-1.4399 14676 121.145 11347 106.522
-1.17809 16833 129.742 12838 113.305
-0.916292 17313 131.579 13585 116.555
-0.654503 15650 125.1 12045 109.75
-0.392699 5955 77.1686 3856 62.0967
-0.130894 4443 66.6558 2874 53.6097
0.130894 2442 49.4166 2237 47.2969
0.392699 15410 124.137 12421 111.45
0.654503 14049 118.528 11236 106
0.916292 15849 125.893 12580 112.161
1.17809 15000 122.474 11988 109.49
1.4399 11056 105.148 8876 94.2125
1.70169 13407 115.789 10296 101.469
1.9635 16746 129.406 13349 115.538
2.2253 13337 115.486 10990 104.833
2.48709 8689 93.2148 9434 97.1288
2.74889 13301 115.33 11575 107.587
3.01069 23555 153.476 19953 141.255
