-3.01069 8247.95 90.8182 13843.7 117.659
-2.74889 7524.72 86.7451 10661.1 103.253
-2.48709 7737.08 87.9607 8089.61 89.9423
-2.22529 8930.86 94.5032 8689.24 93.2161
-1.96349 6615.3 81.3345 7421.56 86.1485
-1.70169 8145.42 90.252 9477.61 97.353
-1.4399 6967.94 83.4742 8588.42 92.6738
-1.17809 7482.75 86.5029 10345.5 101.713
-0.916292 9614.56 98.0539 8807.16 93.8465
-0.654503 6807.73 82.509 9735.03 98.6662
-0.392699 4227.11 65.0162 1955.7 44.2233
-0.130894 519 22.7816 170 13.0384
0.130894 153 12.3693 57 7.54983
0.392699 7823.94 88.453 8502.26 92.2077
0.654503 6161.55 78.4955 8675.34 93.1415
0.916292 7692.25 87.7055 9062.29 95.1961
1.17809 6140.97 78.3643 9820.86 99.1002
1.4399 4358.63 66.0199 7318.56 85.5486
1.70169 6266.31 79.16 7906.85 88.9205
1.9635 7250.91 85.1523 10412.3 102.041
2.2253 5780.9 76.0322 8393.61 91.6167
2.48709 3297.38 57.4228 5874.61 76.646
2.74889 4185.45 64.6951 9894.53 99.4712
3.01069 6898.36 83.0564 18279.6 135.202
