-3.01069 2097.91 45.803 1890.86 43.4841
-2.74889 2798.46 52.9004 1637.62 40.4675
-2.48709 2116.22 46.0024 1683.53 41.0308
-2.22529 2310.53 48.068 1704.39 41.2843
-1.96349 1626.05 40.3243 1321.34 36.3503
-1.70169 2012.57 44.8616 1576.16 39.7008
-1.4399 1787.17 42.2749 1364.12 36.934
-1.17809 2486.31 49.8629 1553.38 39.413
-0.916292 1842.03 42.9188 1379.43 37.1407
-0.654503 2028.4 45.0378 1684.98 41.0485
-0.392699 1133.11 33.6617 598.933 24.4731
-0.130894 519 22.7816 170 13.0384
0.130894 153 12.3693 57 7.54983
0.392699 2896.36 53.8179 1945.31 44.1057
0.654503 2595.01 50.9413 1693.15 41.1479
0.916292 2287.04 47.8231 1385.09 37.2168
1.17809 2173.53 46.6212 1613.3 40.1659
1.4399 2386.36 48.8504 1453.35 38.1228
1.70169 1857.1 43.0941 1529.63 39.1105
1.9635 2482.98 49.8295 1515.35 38.9275
2.2253 1799.73 42.4233 1299.56 36.0494
2.48709 716.283 26.7635 764.596 27.6513
2.74889 1416.41 37.6353 544.247 23.3291
3.01069 2671.42 51.6857 767.323 27.7006
