-3.01069 12850.9 113.362 11147.4 105.581
-2.74889 11616.5 107.78 9263.86 96.2489
-2.48709 9846.04 99.2272 6671.85 81.6814
-2.22529 10070 100.349 9380.68 96.8539
-1.96349 9300.66 96.4399 6784.87 82.3703
-1.70169 12602.9 112.263 8707.8 93.3156
-1.4399 9468.99 97.3087 8096.35 89.9797
-1.17809 11540.3 107.426 8633.96 92.9191
-0.916292 10770.4 103.781 8163.2 90.3504
-0.654503 13756.2 117.287 5640.5 75.1032
-0.392699 5525.54 74.334 3453.98 58.7706
-0.130894 519 22.7816 170 13.0384
0.130894 153 12.3693 57 7.54983
0.392699 11966.3 109.391 10077.1 100.385
0.654503 12090.7 109.958 6491.97 80.5727
0.916292 9901.6 99.5068 7716.85 87.8456
1.17809 12807.3 113.169 5517.87 74.2824
1.4399 9288.01 96.3743 8341.55 91.3321
1.70169 10795.8 103.903 6088.76 78.0305
1.9635 11212.1 105.887 8775.39 93.677
2.2253 9431.21 97.1144 5621.66 74.9777
2.48709 5046.65 71.0398 2655.47 51.5313
2.74889 6489.33 80.5564 7346.69 85.7128
3.01069 11330.3 106.444 13830.9 117.605
