-3.01069 837.645 28.9421 1462.63 38.2443
-2.74889 436.161 20.8845 395.693 19.892
-2.48709 341.037 18.4672 399.454 19.9864
-2.22529 390.176 19.7529 465.417 21.5735
-1.96349 251.905 15.8715 376.832 19.4122
-1.70169 417.997 20.445 320.012 17.8889
-1.4399 275.194 16.589 453.982 21.3068
-1.17809 434.601 20.8471 501.764 22.4001
-0.916292 347.575 18.6434 481.954 21.9534
-0.654503 408.513 20.2117 330.392 18.1767
-0.392699 97.5326 9.87586 81.9744 9.05397
-0.130894 519 22.7816 170 13.0384
0.130894 153 12.3693 57 7.54983
0.392699 339.191 18.4171 344.92 18.572
0.654503 323.583 17.9884 293.537 17.1329
0.916292 465.299 21.5708 322.29 17.9524
1.17809 250.001 15.8114 560.275 23.6701
1.4399 151.066 12.2909 186.069 13.6407
1.70169 325.465 18.0406 300.011 17.3208
1.9635 373.253 19.3198 591.415 24.319
2.2253 484.496 22.0113 525.409 22.9218
2.48709 211.779 14.5526 363.446 19.0643
2.74889 385.744 19.6404 788.896 28.0873
3.01069 1123.67 33.5211 1257.77 35.4651
