-3.01069 2052.13 45.3004 1924.78 43.8723
-2.74889 2707.57 52.0343 1633.95 40.4221
-2.48709 2128.43 46.1349 1648.46 40.6012
-2.22529 2201.86 46.924 1758.22 41.9311
-1.96349 1850.49 43.0174 1218.59 34.9082
-1.70169 2038.74 45.1525 1508.04 38.8336
-1.4399 1781.27 42.2051 1314.52 36.2563
-1.17809 2566.72 50.6628 1631.06 40.3864
-0.916292 1984.13 44.5435 1357.88 36.8494
-0.654503 2091.66 45.7347 1662.97 40.7795
-0.392699 1137.29 33.7237 599.511 24.4849
-0.130894 519 22.7816 170 13.0384
0.130894 153 12.3693 57 7.54983
0.392699 2745.17 52.3943 2057.96 45.3647
0.654503 2574.59 50.7404 1745.95 41.7846
0.916292 2208.32 46.9927 1469.7 38.3367
1.17809 2167.06 46.5517 1776.27 42.1459
1.4399 2372 48.7032 1444.37 38.0049
1.70169 1900.42 43.5938 1555.31 39.4374
1.9635 2419.47 49.1881 1525.87 39.0623
2.2253 1838.94 42.8828 1384.73 37.2119
2.48709 732.857 27.0713 744.162 27.2793
2.74889 1411.21 37.5661 572.376 23.9244
3.01069 2661.18 51.5866 723.468 26.8974
