-3.01069 12937 113.741 11317.9 106.386
-2.74889 11572.3 107.575 9464.24 97.2843
-2.48709 9960.04 99.8 6733.32 82.0568
-2.22529 10346.3 101.717 9343.92 96.6639
-1.96349 9434.74 97.1326 6734.96 82.0668
-1.70169 12870.8 113.45 8929.09 94.4939
-1.4399 9611.59 98.0387 8191.64 90.5077
-1.17809 11402.6 106.783 8911.83 94.4025
-0.916292 11156 105.622 8399.01 91.6461
-0.654503 13737.5 117.207 5776.51 76.0033
-0.392699 5670.5 75.3027 3490.49 59.0804
-0.130894 519 22.7816 170 13.0384
0.130894 153 12.3693 57 7.54983
0.392699 11838.8 108.806 10620.8 103.057
0.654503 12375.1 111.243 6677.94 81.7187
0.916292 10296.1 101.47 8049.05 89.7165
1.17809 13338.4 115.492 5680.24 75.3674
1.4399 8954.72 94.6294 8648.22 92.9958
1.70169 11161.8 105.649 6022.81 77.6067
1.9635 11404.4 106.792 8986.84 94.7989
2.2253 9390.12 96.9026 5800.08 76.1583
2.48709 5029.97 70.9222 2745.57 52.3982
2.74889 6134.87 78.3254 7908.54 88.93
3.01069 11121.6 105.459 14582.5 120.758
