-3.01069 8140.4 90.2241 14343.3 119.764
-2.74889 7402.82 86.0396 10996.3 104.863
-2.48709 7388.05 85.9538 8351.2 91.3849
-2.22529 8602.97 92.7522 8752.4 93.5543
-1.96349 6653.82 81.571 7547.67 86.8773
-1.70169 8295.37 91.0789 9584.81 97.9021
-1.4399 7047.51 83.9494 8522.49 92.3173
-1.17809 7524.82 86.7457 10582.4 102.871
-0.916292 9456.93 97.2467 9071.42 95.244
-0.654503 7063.61 84.0453 9928.94 99.6441
-0.392699 4161.11 64.5067 2019.41 44.9378
-0.130894 519 22.7816 170 13.0384
0.130894 153 12.3693 57 7.54983
0.392699 7823.14 88.4485 8989.41 94.8125
0.654503 6586.43 81.1568 8843.87 94.0418
0.916292 7938.59 89.0988 9196.1 95.8963
1.17809 6484.99 80.5294 9996.06 99.9803
1.4399 4664.78 68.2992 7580.36 87.0653
1.70169 6238.51 78.9842 8000.36 89.4447
1.9635 7472.68 86.4446 10660.2 103.248
2.2253 5793.76 76.1167 8522.17 92.3156
2.48709 3423.74 58.5128 5914.86 76.9081
2.74889 4391.22 66.2663 10308.1 101.529
3.01069 7069.69 84.0815 19251.4 138.749
