-3.01069 859.005 29.3088 1457.87 38.182
-2.74889 405.015 20.125 419.153 20.4732
-2.48709 324.97 18.0269 415.104 20.3741
-2.22529 356.247 18.8745 478.079 21.865
-1.96349 239.346 15.4708 416.023 20.3967
-1.70169 390.687 19.7658 323.531 17.987
-1.4399 264.008 16.2483 445.204 21.0999
-1.17809 467.183 21.6144 509.012 22.5613
-0.916292 429.817 20.732 491.666 22.1735
-0.654503 469.722 21.6731 338.897 18.4092
-0.392699 112.374 10.6006 76.3022 8.73511
-0.130894 519 22.7816 170 13.0384
0.130894 153 12.3693 57 7.54983
0.392699 350.444 18.7201 375.947 19.3894
0.654503 336.102 18.3331 316.922 17.8023
0.916292 495.49 22.2596 320.577 17.9047
1.17809 287.089 16.9437 594.119 24.3746
1.4399 190.303 13.7951 192.904 13.889
1.70169 341.13 18.4697 296.656 17.2237
1.9635 340.686 18.4577 634.395 25.1872
2.2253 460.867 21.4678 569.162 23.8571
2.48709 236.633 15.3829 377.833 19.4379
2.74889 402.773 20.0692 888.991 29.816
3.01069 1125.51 33.5486 1268.38 35.6144
