-3.01069 22806 151.017 16532 128.577
-2.74889 20044 141.577 12611 112.299
-2.48709 15783 125.63 10411 102.034
-2.22529 18796 137.099 12802 113.146
-1.96349 15386 124.04 9665 98.3107
-1.70169 20744 144.028 13244 115.083
-1.4399 16950 130.192 10983 104.8
-1.17809 19385 139.23 12146 110.209
-0.916292 18661 136.605 11748 108.388
-0.654503 18508 136.044 11948 109.307
-0.392699 8643 92.9677 4941 70.2922
-0.130894 2946 54.2771 2427 49.2646
0.130894 1630 40.3733 1501 38.7427
0.392699 21373 146.195 14111 118.79
0.654503 18155 134.74 11861 108.908
0.916292 17406 131.932 11661 107.986
1.17809 18040 134.313 11335 106.466
1.4399 16662 129.081 11173 105.702
1.70169 16232 127.405 10732 103.595
1.9635 19416 139.341 12332 111.05
2.2253 14411 120.046 10150 100.747
2.48709 7336 85.6505 5336 73.0479
2.74889 13088 114.403 9980 99.8999
3.01069 23901 154.599 17641 132.819
