-3.01069 21838 147.777 15980 126.412
-2.74889 17925 133.884 12823 113.239
-2.48709 15616 124.964 10777 103.812
-2.22529 17382 131.841 13102 114.464
-1.96349 13763 117.316 9844 99.2169
-1.70169 17352 131.727 12577 112.147
-1.4399 15390 124.056 10948 104.633
-1.17809 17515 132.344 12327 111.027
-0.916292 18109 134.57 12980 113.93
-0.654503 16320 127.75 11564 107.536
-0.392699 6113 78.1857 3806 61.6928
-0.130894 4556 67.4981 2823 53.1319
0.130894 2509 50.0899 2203 46.9361
0.392699 16051 126.693 11922 109.188
0.654503 14627 120.942 10954 104.661
0.916292 16528 128.561 12095 109.977
1.17809 15745 125.479 11472 107.107
1.4399 11501 107.243 8602 92.747
1.70169 13930 118.025 9949 99.7447
1.9635 17385 131.852 12772 113.013
2.2253 13933 118.038 10512 102.528
2.48709 9103 95.4096 9177 95.7967
2.74889 13852 117.695 11165 105.665
3.01069 24653 157.013 19189 138.524
