-3.01069 2323 48.1975 3315 57.576
-2.74889 839 28.9655 1364 36.9324
-2.48709 760 27.5681 1128 33.5857
-2.22529 865 29.4109 1314 36.2491
-1.96349 650 25.4951 959 30.9677
-1.70169 744 27.2764 1197 34.5977
-1.4399 743 27.258 1175 34.2783
-1.17809 953 30.8707 1501 38.7427
-0.916292 840 28.9828 1308 36.1663
-0.654503 751 27.4044 1137 33.7194
-0.392699 189 13.7477 254 15.9374
-0.130894 629 25.0799 914 30.2324
0.130894 141 11.8743 278 16.6733
0.392699 702 26.4953 1197 34.5977
0.654503 622 24.9399 973 31.1929
0.916292 783 27.9821 1308 36.1663
1.17809 834 28.8791 1319 36.318
1.4399 367 19.1572 671 25.9037
1.70169 630 25.0998 1119 33.4515
1.9635 983 31.3528 1636 40.4475
2.2253 1025 32.0156 1638 40.4722
2.48709 592 24.3311 1182 34.3802
2.74889 1201 34.6554 2068 45.4753
3.01069 2381 48.7955 3626 60.2163
