-3.01069 3737 61.131 2868 53.5537
-2.74889 4228 65.0231 2493 49.93
-2.48709 3611 60.0916 2189 46.7868
-2.22529 3830 61.887 2383 48.816
-1.96349 2824 53.1413 1786 42.2611
-1.70169 3391 58.2323 2120 46.0435
-1.4399 3003 54.7996 1923 43.852
-1.17809 3877 62.2656 2144 46.3033
-0.916292 3078 55.4797 1864 43.1741
-0.654503 3546 59.5483 2275 47.697
-0.392699 1664 40.7922 915 30.249
-0.130894 524 22.891 371 19.2614
0.130894 184 13.5647 154 12.4097
0.392699 4656 68.2349 2681 51.7784
0.654503 4097 64.0078 2411 49.1019
0.916292 3514 59.279 2153 46.4004
1.17809 3634 60.2827 2232 47.244
1.4399 3662 60.5145 2301 47.9687
1.70169 3220 56.745 2085 45.6618
1.9635 3822 61.8223 2305 48.0104
2.2253 2984 54.626 1760 41.9524
2.48709 1440 37.9473 1022 31.9687
2.74889 1846 42.9651 1204 34.6987
3.01069 3195 56.5243 2340 48.3735
