-3.01069 22320 149.399 16508 128.483
-2.74889 18115 134.592 13225 115
-2.48709 15453 124.31 11077 105.247
-2.22529 17082 130.698 13082 114.377
-1.96349 14000 118.322 9953 99.7647
-1.70169 17537 132.427 12805 113.159
-1.4399 15219 123.365 11006 104.909
-1.17809 17915 133.847 12667 112.548
-0.916292 18225 135 13258 115.143
-0.654503 16748 129.414 11756 108.425
-0.392699 6108 78.1537 3874 62.2415
-0.130894 4845 69.606 3009 54.8544
0.130894 2566 50.6557 2272 47.6655
0.392699 16529 128.565 12552 112.036
0.654503 15202 123.296 11144 105.565
0.916292 16849 129.804 12336 111.068
1.17809 16166 127.146 11778 108.526
1.4399 11949 109.311 8935 94.5251
1.70169 13982 118.246 10050 100.25
1.9635 17918 133.858 13234 115.039
2.2253 14044 118.507 10699 103.436
2.48709 9218 96.0104 9311 96.4935
2.74889 14431 120.129 11669 108.023
3.01069 25812 160.661 20170 142.021
