-3.01069 22525 150.083 16407 128.09
-2.74889 19856 140.911 12377 111.252
-2.48709 15665 125.16 10309 101.533
-2.22529 18522 136.096 12830 113.27
-1.96349 15349 123.891 9738 98.6813
-1.70169 20275 142.39 12871 113.45
-1.4399 16670 129.112 10926 104.528
-1.17809 19248 138.737 11837 108.798
-0.916292 18083 134.473 11463 107.065
-0.654503 18430 135.757 11772 108.499
-0.392699 8482 92.0978 4891 69.9357
-0.130894 2792 52.8394 2427 49.2646
0.130894 1559 39.4842 1479 38.4578
0.392699 21031 145.021 13555 116.426
0.654503 17704 133.056 11525 107.355
0.916292 16708 129.259 11247 106.052
1.17809 17433 132.034 11004 104.9
1.4399 16710 129.267 10952 104.652
1.70169 15979 126.408 10651 103.204
1.9635 18964 137.71 11941 109.275
2.2253 14322 119.675 9869 99.3428
2.48709 7248 85.1352 5179 71.9653
2.74889 12957 113.829 9383 96.8659
3.01069 23435 153.085 16938 130.146
