-3.01069 3732 61.0901 2850 53.3854
-2.74889 4129 64.2573 2477 49.7695
-2.48709 3604 60.0333 2168 46.5618
-2.22529 3794 61.5955 2470 49.6991
-1.96349 2955 54.3599 1680 40.9878
-1.70169 3383 58.1636 2059 45.3762
-1.4399 2959 54.3967 1841 42.9069
-1.17809 4017 63.3798 2246 47.392
-0.916292 3210 56.6569 1911 43.715
-0.654503 3522 59.3464 2280 47.7493
-0.392699 1635 40.4351 921 30.348
-0.130894 547 23.388 380 19.4936
0.130894 168 12.9615 159 12.6095
0.392699 4600 67.8233 2811 53.0189
0.654503 4164 64.5291 2494 49.94
0.916292 3483 59.0169 2293 47.8853
1.17809 3745 61.1964 2376 48.7442
1.4399 3615 60.1249 2299 47.9479
1.70169 3256 57.0614 2095 45.7712
1.9635 3772 61.4166 2256 47.4974
2.2253 3067 55.3805 1890 43.4741
2.48709 1412 37.5766 991 31.4802
2.74889 1873 43.2782 1271 35.6511
3.01069 3213 56.6833 2260 47.5395
