3.01069 25740 160.437 20318 142.541
2.74889 14556 120.648 11746 108.379
2.48709 9291 96.3898 9364 96.7678
2.2253 14003 118.334 10725 103.562
1.9635 17699 133.038 13078 114.359
1.70169 14117 118.815 10003 100.015
1.4399 11785 108.559 8872 94.1913
1.17809 16044 126.665 11626 107.824
0.916292 16770 129.499 12182 110.372
0.654503 15103 122.894 11164 105.66
0.392699 16309 127.707 12352 111.14
0.130894 2580 50.7937 2284 47.7912
-0.130894 4744 68.8767 3016 54.9181
-0.392699 6174 78.5748 3893 62.3939
-0.654503 16670 129.112 11662 107.991
-0.916292 18119 134.607 13282 115.248
-1.17809 17800 133.417 12629 112.379
-1.4399 15332 123.822 10950 104.642
-1.70169 17536 132.424 12865 113.424
-1.96349 13982 118.246 10029 100.145
-2.22529 17370 131.795 13198 114.883
-2.48709 15731 125.423 11076 105.243
-2.74889 18011 134.205 12968 113.877
-3.01069 22365 149.549 16379 127.98
