3.01069 2285 47.8017 3456 58.7878
2.74889 1213 34.8281 2076 45.5631
2.48709 579 24.0624 1192 34.5254
2.2253 1034 32.1559 1691 41.1218
1.9635 978 31.273 1681 41
1.70169 650 25.4951 1104 33.2265
1.4399 374 19.3391 690 26.2679
1.17809 869 29.4788 1377 37.108
0.916292 754 27.4591 1322 36.3593
0.654503 644 25.3772 1019 31.9218
0.392699 730 27.0185 1190 34.4964
0.130894 140 11.8322 293 17.1172
-0.130894 661 25.7099 913 30.2159
-0.392699 200 14.1421 254 15.9374
-0.654503 758 27.5318 1135 33.6898
-0.916292 895 29.9166 1361 36.8917
-1.17809 958 30.9516 1466 38.2884
-1.4399 737 27.1477 1145 33.8378
-1.70169 701 26.4764 1175 34.2783
-1.96349 686 26.1916 969 31.1288
-2.22529 857 29.2746 1310 36.1939
-2.48709 732 27.0555 1170 34.2053
-2.74889 869 29.4788 1390 37.2827
-3.01069 2299 47.9479 3281 57.28
