3.01069 23311 152.679 16863 129.858
2.74889 12764 112.978 9428 97.0979
2.48709 7203 84.8705 5303 72.8217
2.2253 14313 119.637 9942 99.7096
1.9635 19138 138.34 11992 109.508
1.70169 16090 126.846 10605 102.981
1.4399 16587 128.791 11079 105.257
1.17809 17713 133.09 11064 105.186
0.916292 16982 130.315 11237 106.005
0.654503 17918 133.858 11694 108.139
0.392699 21167 145.489 13641 116.795
0.130894 1560 39.4968 1536 39.1918
-0.130894 2829 53.1883 2424 49.2341
-0.392699 8486 92.1195 4879 69.8498
-0.654503 18443 135.805 11736 108.333
-0.916292 18344 135.44 11508 107.275
-1.17809 19409 139.316 11956 109.343
-1.4399 16736 129.368 10886 104.336
-1.70169 20600 143.527 13017 114.092
-1.96349 15275 123.592 9620 98.0816
-2.22529 18743 136.905 12772 113.013
-2.48709 15711 125.344 10231 101.148
-2.74889 19889 141.028 12462 111.633
-3.01069 22450 149.833 16419 128.137
