3.01069 24725 157.242 19041 137.989
2.74889 13727 117.162 11088 105.3
2.48709 9030 95.0263 9124 95.5196
2.2253 13974 118.212 10486 102.401
1.9635 17604 132.68 12928 113.701
1.70169 13795 117.452 9996 99.98
1.4399 11665 108.005 8665 93.086
1.17809 15867 125.964 11624 107.815
0.916292 16607 128.868 12249 110.675
0.654503 14726 121.351 10934 104.566
0.392699 16271 127.558 12122 110.1
0.130894 2495 49.95 2191 46.8081
-0.130894 4657 68.2422 2816 53.066
-0.392699 6047 77.7625 3787 61.5386
-0.654503 16398 128.055 11658 107.972
-0.916292 18215 134.963 12956 113.824
-1.17809 17630 132.778 12365 111.198
-1.4399 15277 123.6 11004 104.9
-1.70169 17353 131.731 12517 111.879
-1.96349 13781 117.393 9768 98.8332
-2.22529 17094 130.744 12986 113.956
-2.48709 15338 123.847 10778 103.817
-2.74889 18029 134.272 13080 114.368
-3.01069 21793 147.625 16109 126.921
