3.01069 24025 155 17716 133.101
2.74889 13281 115.243 9935 99.6745
2.48709 7381 85.9127 5212 72.1942
2.2253 14420 120.083 10077 100.384
1.9635 19242 138.716 12281 110.82
1.70169 16121 126.969 10778 103.817
1.4399 16785 129.557 11046 105.1
1.17809 17760 133.267 11275 106.184
0.916292 17132 130.889 11671 108.032
0.654503 17941 133.944 11692 108.13
0.392699 21237 145.729 14025 118.427
0.130894 1629 40.3609 1444 38
-0.130894 2909 53.9351 2430 49.295
-0.392699 8639 92.9462 4953 70.3776
-0.654503 18495 135.996 11984 109.471
-0.916292 18400 135.647 11703 108.18
-1.17809 19224 138.651 12027 109.668
-1.4399 16884 129.938 11023 104.99
-1.70169 20419 142.895 13098 114.446
-1.96349 15460 124.338 9783 98.909
-2.22529 18575 136.29 12860 113.402
-2.48709 15737 125.447 10489 102.416
-2.74889 20011 141.46 12526 111.92
-3.01069 22881 151.265 16520 128.53
