3.01069 3182 56.4092 2268 47.6235
2.74889 1816 42.6146 1192 34.5254
2.48709 1439 37.9342 1017 31.8904
2.2253 3025 55 1808 42.5206
1.9635 3696 60.7947 2260 47.5395
1.70169 3208 56.6392 2078 45.5851
1.4399 3628 60.2329 2312 48.0833
1.17809 3692 60.7618 2285 47.8017
0.916292 3480 58.9915 2281 47.7598
0.654503 4179 64.6452 2494 49.94
0.392699 4663 68.2862 2790 52.8205
0.130894 158 12.5698 170 13.0384
-0.130894 549 23.4307 351 18.735
-0.392699 1599 39.9875 915 30.249
-0.654503 3491 59.0847 2250 47.4342
-0.916292 3196 56.5332 1926 43.8862
-1.17809 3905 62.49 2146 46.3249
-1.4399 2952 54.3323 1898 43.566
-1.70169 3408 58.3781 2048 45.2548
-1.96349 2932 54.1479 1742 41.7373
-2.22529 3843 61.9919 2466 49.6588
-2.48709 3590 59.9166 2139 46.2493
-2.74889 4216 64.9307 2554 50.5371
-3.01069 3732 61.0901 2869 53.563
