-3.01069 902.109 30.0351 1663.65 40.7879
-2.74889 447.653 21.1578 461.735 21.488
-2.48709 345.826 18.5964 458.934 21.4227
-2.22529 393.314 19.8321 536.37 23.1597
-1.96349 256.373 16.0116 426.267 20.6462
-1.70169 425.861 20.6364 375.125 19.3681
-1.4399 288.613 16.9886 517.036 22.7384
-1.17809 440.627 20.9911 582.461 24.1342
-0.916292 350.079 18.7104 551.291 23.4796
-0.654503 420.27 20.5005 383.503 19.5832
-0.392699 98.5824 9.92887 94.0076 9.69575
-0.130894 519 22.7816 170 13.0384
0.130894 153 12.3693 57 7.54983
0.392699 348.379 18.6649 400.553 20.0138
0.654503 333.971 18.2749 337.229 18.3638
0.916292 470.774 21.6973 381.074 19.5211
1.17809 256.546 16.0171 634.728 25.1938
1.4399 155.01 12.4503 216.575 14.7165
1.70169 336.832 18.353 351.935 18.7599
1.9635 393.953 19.8482 675.516 25.9907
2.2253 496.42 22.2805 609.149 24.6809
2.48709 218.243 14.773 423.234 20.5726
2.74889 402.066 20.0516 909.37 30.1558
3.01069 1184.49 34.4165 1453.66 38.1269
