-3.01069 7946.86 89.1452 13295.3 115.305
-2.74889 7077.19 84.126 9855.82 99.2765
-2.48709 6958.05 83.4149 7634.17 87.3737
-2.22529 8084.97 89.9164 8361.54 91.4415
-1.96349 5961.25 77.2091 6945.48 83.3396
-1.70169 7432.51 86.212 8930.63 94.502
-1.4399 6354.05 79.7123 8050.39 89.724
-1.17809 6986.37 83.5845 9601.58 97.9877
-0.916292 8746.69 93.5237 8446.75 91.9062
-0.654503 6333.71 79.5846 9018.89 94.9678
-0.392699 3806.39 61.696 1611.58 40.1445
-0.130894 519 22.7816 170 13.0384
0.130894 153 12.3693 57 7.54983
0.392699 7104.73 84.2895 8074.24 89.8568
0.654503 5661.77 75.2447 8034.49 89.6353
0.916292 7154.93 84.5868 8435.64 91.8457
1.17809 5819.31 76.2844 9080.27 95.2905
1.4399 4011.32 63.335 6682.08 81.744
1.70169 5655.98 75.2062 7333.41 85.6353
1.9635 6750.24 82.1599 9620.52 98.0842
2.2253 5391.71 73.4283 7811.52 88.3828
2.48709 2884.49 53.7075 5674.69 75.3306
2.74889 3817.28 61.7841 9121.6 95.5071
3.01069 6515.51 80.7187 16739.7 129.382
