-3.01069 12267.5 110.759 8715.28 93.3557
-2.74889 10823.7 104.037 7538.85 86.8265
-2.48709 8761.81 93.6045 5475.71 73.998
-2.22529 9378.85 96.8445 7729.73 87.9189
-1.96349 8288.07 91.0388 5615.48 74.9365
-1.70169 11497.9 107.228 7141.44 84.507
-1.4399 8854.91 94.1005 6502.98 80.641
-1.17809 10695.9 103.421 7092.96 84.2197
-0.916292 10115.2 100.575 6765.24 82.2511
-0.654503 12390.5 111.313 4650.64 68.1956
-0.392699 4774.63 69.0987 2757.54 52.5123
-0.130894 519 22.7816 170 13.0384
0.130894 153 12.3693 57 7.54983
0.392699 11125 105.475 8286.04 91.0277
0.654503 10990.4 104.835 5350.95 73.1502
0.916292 9086.2 95.3216 6345.15 79.6565
1.17809 11577 107.596 4560.12 67.5287
1.4399 8439.81 91.8685 6760.51 82.2223
1.70169 9689.45 98.435 4934.09 70.2431
1.9635 10305.9 101.518 7140.75 84.5029
2.2253 8820.38 93.9169 4551.41 67.4641
2.48709 4387.52 66.2384 2228.95 47.2117
2.74889 5856.39 76.527 5819.16 76.2834
3.01069 10680.3 103.346 10634.5 103.124
