-3.01069 7843.24 88.562 13775.1 117.367
-2.74889 6962.54 83.4418 10165.6 100.825
-2.48709 6644.16 81.5117 7881.03 88.7752
-2.22529 7788.12 88.2504 8422.33 91.7732
-1.96349 5995.96 77.4336 7063.51 84.0447
-1.70169 7569.33 87.0019 9031.64 95.035
-1.4399 6426.61 80.1661 7988.59 89.3789
-1.17809 7025.65 83.8192 9821.39 99.1029
-0.916292 8603.28 92.7539 8700.19 93.2748
-0.654503 6571.77 81.0665 9198.54 95.909
-0.392699 3746.96 61.2124 1664.08 40.7931
-0.130894 519 22.7816 170 13.0384
0.130894 153 12.3693 57 7.54983
0.392699 7104 84.2852 8536.86 92.3951
0.654503 6052.18 77.7958 8190.57 90.5017
0.916292 7384.05 85.9305 8560.2 92.5214
1.17809 6145.31 78.392 9242.26 96.1367
1.4399 4293.08 65.5216 6921.11 83.1932
1.70169 5630.89 75.0392 7420.14 86.1402
1.9635 6956.7 83.4068 9849.64 99.2453
2.2253 5403.7 73.5099 7931.16 89.0571
2.48709 2995.04 54.7269 5713.57 75.5882
2.74889 4004.95 63.2847 9502.86 97.4826
3.01069 6677.33 81.7149 17629.6 132.777
