-3.01069 12349.7 111.129 8848.61 94.0671
-2.74889 10782.5 103.839 7701.92 87.7606
-2.48709 8863.26 94.1449 5526.16 74.3381
-2.22529 9636.22 98.1643 7699.44 87.7465
-1.96349 8407.55 91.6927 5574.17 74.6604
-1.70169 11742.3 108.362 7322.93 85.5741
-1.4399 8988.26 94.8065 6579.52 81.1142
-1.17809 10568.3 102.802 7321.24 85.5642
-0.916292 10477.3 102.359 6960.67 83.4306
-0.654503 12373.7 111.237 4762.78 69.0129
-0.392699 4899.89 69.9992 2786.7 52.7892
-0.130894 519 22.7816 170 13.0384
0.130894 153 12.3693 57 7.54983
0.392699 11006.4 104.911 8733.16 93.4514
0.654503 11248.8 106.06 5504.24 74.1906
0.916292 9448.21 97.2019 6618.3 81.3529
1.17809 12057.1 109.805 4694.31 68.515
1.4399 8136.95 90.2051 7009.05 83.7201
1.70169 10017.9 100.09 4880.64 69.8616
1.9635 10482.7 102.385 7312.81 85.515
2.2253 8781.94 93.712 4695.87 68.5264
2.48709 4373.02 66.1288 2304.58 48.006
2.74889 5536.5 74.4076 6264.19 79.1467
3.01069 10483.5 102.389 11212.5 105.889
