-3.01069 925.112 30.4157 1658.24 40.7215
-2.74889 415.686 20.3884 489.111 22.1158
-2.48709 329.533 18.153 476.914 21.8384
-2.22529 359.112 18.9502 550.963 23.4726
-1.96349 243.591 15.6074 470.599 21.6933
-1.70169 398.037 19.9509 379.249 19.4743
-1.4399 276.882 16.6398 507.04 22.5175
-1.17809 473.661 21.7638 590.875 24.3079
-0.916292 432.914 20.8066 562.401 23.715
-0.654503 483.24 21.9827 393.376 19.8337
-0.392699 113.583 10.6575 87.5027 9.35429
-0.130894 519 22.7816 170 13.0384
0.130894 153 12.3693 57 7.54983
0.392699 359.936 18.972 436.585 20.8946
0.654503 346.892 18.625 364.095 19.0813
0.916292 501.321 22.3902 379.049 19.4692
1.17809 294.605 17.1641 673.069 25.9436
1.4399 195.272 13.974 224.53 14.9843
1.70169 353.044 18.7895 348 18.6547
1.9635 359.58 18.9626 724.608 26.9185
2.2253 472.21 21.7304 659.875 25.688
2.48709 243.855 15.6159 439.987 20.9759
2.74889 419.816 20.4894 1024.75 32.0117
3.01069 1186.43 34.4446 1465.92 38.2874
