-3.01069 2320 48.1664 3371 58.0603
-2.74889 838 28.9482 1441 37.9605
-2.48709 780 27.9285 1175 34.2783
-2.22529 838 28.9482 1362 36.9053
-1.96349 661 25.7099 1027 32.0468
-1.70169 710 26.6458 1197 34.5977
-1.4399 702 26.4953 1171 34.2199
-1.17809 995 31.5436 1517 38.9487
-0.916292 950 30.8221 1335 36.5377
-0.654503 806 28.3901 1183 34.3948
-0.392699 195 13.9642 243 15.5885
-0.130894 742 27.2397 988 31.4325
0.130894 152 12.3288 297 17.2337
0.392699 758 27.5318 1261 35.5106
0.654503 655 25.593 1032 32.1248
0.916292 816 28.5657 1300 36.0555
1.17809 883 29.7153 1398 37.3898
1.4399 392 19.799 688 26.2298
1.70169 657 25.632 1113 33.3617
1.9635 1002 31.6544 1713 41.3884
2.2253 1044 32.311 1750 41.833
2.48709 634 25.1794 1244 35.2704
2.74889 1323 36.3731 2327 48.239
3.01069 2392 48.9081 3606 60.05
