-3.01069 3533 59.439 1296 36
-2.74889 3924 62.6418 1208 34.7563
-2.48709 3387 58.1979 1029 32.078
-2.22529 3597 59.975 1291 35.9305
-1.96349 2798 52.8961 881 29.6816
-1.70169 3203 56.5951 992 31.496
-1.4399 2796 52.8772 796 28.2135
-1.17809 3823 61.8304 1166 34.1467
-0.916292 3039 55.1271 1049 32.3883
-0.654503 3365 58.0086 1082 32.8938
-0.392699 1539 39.2301 333 18.2483
-0.130894 519 22.7816 170 13.0384
0.130894 153 12.3693 57 7.54983
0.392699 4372 66.1211 1489 38.5876
0.654503 3942 62.7853 1331 36.4829
0.916292 3301 57.4543 1197 34.5977
1.17809 3543 59.5231 1186 34.4384
1.4399 3418 58.4637 1060 32.5576
1.70169 3066 55.3715 920 30.3315
1.9635 3559 59.6574 1118 33.4365
2.2253 2896 53.8145 945 30.7409
2.48709 1313 36.2353 506 22.4944
2.74889 1765 42.0119 532 23.0651
3.01069 3013 54.8908 944 30.7246
