-3.01069 0.014806 0.0197987 0.0180886 0.0268176
-2.74889 0.00591748 0.0204157 0.0180919 0.0272785
-2.48709 -0.019047 0.0218337 0.018086 0.0283516
-2.22529 -0.000335395 0.0196919 0.0180925 0.0267416
-1.96349 -0.0319633 0.0234257 0.0180741 0.0295878
-1.70169 -0.00183557 0.0224316 0.0180925 0.0288186
-1.4399 -0.0403252 0.0245264 0.0180631 0.0304601
-1.17809 0.0274783 0.0209896 0.0180789 0.0277022
-0.916292 -0.00101298 0.0218256 0.0180925 0.0283495
-0.654503 0.0107176 0.0216152 0.0180905 0.0281866
-0.392699 0.0245801 0.0391478 0.0180816 0.0431219
0.392699 0.0297998 0.0186076 0.0180765 0.0259423
0.654503 0.00996101 0.0194932 0.0180908 0.0265944
0.916292 0.0126738 0.0205755 0.0180896 0.0273968
1.17809 0.0542192 0.021056 0.0180394 0.0277268
1.4399 0.0180574 0.0219133 0.0180867 0.0284133
1.70169 0.0134456 0.0234626 0.0180893 0.0296263
1.9635 0.0146103 0.0213056 0.0180887 0.0279487
2.2253 0.04944 0.0235286 0.0180483 0.0296536
2.48709 0.00467425 0.0314722 0.0180922 0.0363019
2.74889 0.0297189 0.0310595 0.0180766 0.0359368
3.01069 -0.00580822 0.0229464 0.0180919 0.0292208
