-3.01069 0.0107453 0.00508366 0.0180905 0.0187912
-2.74889 0.00879474 0.0053682 0.0180912 0.0188708
-2.48709 0.00959118 0.00600667 0.0180909 0.019062
-2.22529 0.0109301 0.00554159 0.0180904 0.0189201
-1.96349 0.0100043 0.00606546 0.0180907 0.0190805
-1.70169 0.0151238 0.00531038 0.0180884 0.0188518
-1.4399 0.0116862 0.00581764 0.0180901 0.0190025
-1.17809 0.008002 0.00544804 0.0180914 0.0188939
-0.916292 0.0222484 0.00556453 0.0180836 0.0189204
-0.654503 0.00755879 0.00556458 0.0180915 0.018928
-0.392699 0.0137918 0.00805237 0.0180891 0.0198004
0.392699 0.0130106 0.00522356 0.0180895 0.0188286
0.654503 0.016505 0.00563499 0.0180876 0.0189451
0.916292 0.025406 0.00578472 0.0180809 0.0189837
1.17809 0.0217075 0.00567157 0.018084 0.0189525
1.4399 0.00426026 0.00585253 0.0180922 0.0190153
1.70169 0.0124907 0.00594816 0.0180897 0.0190426
1.9635 0.0149885 0.00546838 0.0180885 0.018897
2.2253 0.00824278 0.00626039 0.0180913 0.0191439
2.48709 0.00993332 0.00868563 0.0180908 0.0200678
2.74889 0.00735844 0.00661055 0.0180916 0.0192615
3.01069 0.0148869 0.00500945 0.0180885 0.0187694
