-3.01069 3533 59.439 1270 35.6371
-2.74889 3998 63.2297 1205 34.7131
-2.48709 3404 58.3438 1079 32.8481
-2.22529 3638 60.3158 1304 36.1109
-1.96349 2653 51.5073 948 30.7896
-1.70169 3223 56.7715 1005 31.7017
-1.4399 2847 53.3573 871 29.5127
-1.17809 3697 60.803 1114 33.3766
-0.916292 2952 54.3323 1061 32.573
-0.654503 3340 57.7927 1069 32.6956
-0.392699 1541 39.2556 320 17.8885
-0.130894 486 22.0454 159 12.6095
0.130894 171 13.0767 69 8.30662
0.392699 4431 66.5658 1416 37.6298
0.654503 3916 62.578 1317 36.2905
0.916292 3364 58 1178 34.322
1.17809 3432 58.5833 1074 32.7719
1.4399 3473 58.9322 1032 32.1248
1.70169 3032 55.0636 904 30.0666
1.9635 3600 60 1096 33.1059
2.2253 2818 53.0848 864 29.3939
2.48709 1338 36.5787 506 22.4944
2.74889 1731 41.6053 506 22.4944
3.01069 3002 54.7905 964 31.0483
