-3.01069 0.0198574 0.00603589 0.0180854 0.0190661
-2.74889 0.02388 0.00669826 0.0180822 0.019283
-2.48709 0.0188105 0.00729615 0.0180861 0.0195024
-2.22529 0.00304554 0.00664596 0.0180924 0.0192744
-1.96349 0.0120222 0.00764773 0.0180899 0.0196401
-1.70169 0.0114345 0.00678333 0.0180902 0.0193202
-1.4399 0.00284908 0.00728738 0.0180924 0.0195049
-1.17809 0.0168668 0.00683569 0.0180874 0.019336
-0.916292 0.0166506 0.00666437 0.0180875 0.0192762
-0.654503 0.0152159 0.00707757 0.0180884 0.0194237
-0.392699 0.0146444 0.0124801 0.0180887 0.0219762
0.392699 0.0335115 0.00688501 0.0180722 0.0193393
0.654503 0.0153603 0.00724989 0.0180883 0.0194871
0.916292 0.0181005 0.00689885 0.0180866 0.0193577
1.17809 0.0169849 0.00706544 0.0180873 0.0194183
1.4399 0.0207346 0.00814606 0.0180848 0.0198347
1.70169 0.00803321 0.007641 0.0180914 0.0196388
1.9635 0.0218412 0.00670661 0.0180839 0.0192875
2.2253 0.0139757 0.00737274 0.018089 0.0195338
2.48709 0.00779821 0.0078323 0.0180915 0.0197141
2.74889 0.0277069 0.00715253 0.0180787 0.0194421
3.01069 0.0268494 0.00555394 0.0180795 0.0189134
