-3.01069 0.000820543 0.00673595 0 0.00673595
-2.74889 0.00671959 0.00690088 0 0.00690088
-2.48709 0.0210187 0.00773312 0 0.00773312
-2.22529 0.0124614 0.00724997 0 0.00724997
-1.96349 0.00967778 0.00792334 0 0.00792334
-1.70169 0.00936245 0.00728801 0 0.00728801
-1.4399 0.0136247 0.00770873 0 0.00770873
-1.17809 0.00152615 0.00710018 0 0.00710018
-0.916292 0.00622665 0.00745325 0 0.00745325
-0.654503 0.0143481 0.00731134 0 0.00731134
-0.392699 0.00119065 0.0107234 0 0.0107234
0.392699 0.0056601 0.00670584 0 0.00670584
0.654503 0.00481756 0.00720398 0 0.00720398
0.916292 0.0274776 0.00765969 0 0.00765969
1.17809 0.0273361 0.00741483 0 0.00741483
1.4399 -0.00251627 0.00796468 0 0.00796468
1.70169 0.00957567 0.00766322 0 0.00766322
1.9635 0.00322411 0.00717282 0 0.00717282
2.2253 0.00354041 0.00810709 0 0.00810709
2.48709 0.000449825 0.0120164 0 0.0120164
2.74889 0.00100041 0.00893231 0 0.00893231
3.01069 0.00876262 0.00675261 0 0.00675261
