-3.01069 -0.000994011 0.0131197 0 0.0131197
-2.74889 -0.0015997 0.0142094 0 0.0142094
-2.48709 -0.0127199 0.015313 0 0.015313
-2.22529 0.0157038 0.0143565 0 0.0143565
-1.96349 -0.0301365 0.0171494 0 0.0171494
-1.70169 -0.0171344 0.0155189 0 0.0155189
-1.4399 -0.0249296 0.016303 0 0.016303
-1.17809 0.0190519 0.0150906 0 0.0150906
-0.916292 -0.00599004 0.0162156 0 0.0162156
-0.654503 0.011028 0.014784 0 0.014784
-0.392699 0.00300372 0.0238979 0 0.0238979
0.392699 0.0238299 0.0134576 0 0.0134576
0.654503 0.00859987 0.0142871 0 0.0142871
0.916292 0.0156056 0.0149759 0 0.0149759
1.17809 0.0311373 0.0148284 0 0.0148284
1.4399 -0.000116048 0.0148155 0 0.0148155
1.70169 -0.000261052 0.015631 0 0.015631
1.9635 -0.0141254 0.0149173 0 0.0149173
2.2253 0.0336634 0.0167092 0 0.0167092
2.48709 -0.0229435 0.0225872 0 0.0225872
2.74889 0.0212287 0.0202821 0 0.0202821
3.01069 -0.0240653 0.014819 0 0.014819
