-3.01069 4518 67.2161 6458 80.3617
-2.74889 2123 46.076 3065 55.3624
-2.48709 1851 43.0232 2520 50.1996
-2.22529 2141 46.2709 3078 55.4797
-1.96349 1630 40.3733 2167 46.551
-1.70169 1840 42.8952 2691 51.8748
-1.4399 1774 42.1189 2580 50.7937
-1.17809 2394 48.9285 3294 57.3934
-0.916292 2100 45.8258 2970 54.4977
-0.654503 1891 43.4856 2624 51.225
-0.392699 475 21.7945 606 24.6171
-0.130894 1281 35.7911 1666 40.8167
0.130894 311 17.6352 552 23.4947
0.392699 1756 41.9047 2667 51.643
0.654503 1550 39.37 2277 47.7179
0.916292 1959 44.2606 2892 53.7773
1.17809 1959 44.2606 2818 53.0848
1.4399 890 29.8329 1471 38.3536
1.70169 1535 39.1791 2401 49
1.9635 2234 47.2652 3417 58.4551
2.2253 2253 47.4658 3307 57.5065
2.48709 1283 35.819 2483 49.8297
2.74889 2395 48.9387 4035 63.5216
3.01069 4575 67.6387 6917 83.1685
