-3.01069 0.000206149 0.0115482 0 0.0115482
-2.74889 -0.0106219 0.0109022 0 0.0109022
-2.48709 -0.00318039 0.01169 0 0.01169
-2.22529 -0.00841293 0.0114086 0 0.0114086
-1.96349 0.0233717 0.0130962 0 0.0130962
-1.70169 0.00278287 0.0120529 0 0.0120529
-1.4399 -0.00614948 0.012896 0 0.012896
-1.17809 0.0182395 0.0112107 0 0.0112107
-0.916292 0.0195445 0.0126161 0 0.0126161
-0.654503 0.000415234 0.0118716 0 0.0118716
-0.392699 -0.00747217 0.0171596 0 0.0171596
0.392699 -0.0075722 0.0103847 0 0.0103847
0.654503 0.00600748 0.0109873 0 0.0109873
0.916292 -0.000425829 0.0119187 0 0.0119187
1.17809 0.0180463 0.0115782 0 0.0115782
1.4399 -0.00357097 0.0116463 0 0.0116463
1.70169 0.0087001 0.0123073 0 0.0123073
1.9635 -0.00972812 0.0114173 0 0.0114173
2.2253 0.0173309 0.0127898 0 0.0127898
2.48709 -0.00480946 0.0186242 0 0.0186242
2.74889 0.00878667 0.0162584 0 0.0162584
3.01069 -0.00145378 0.01238 0 0.01238
