-3.01069 0.0101574 0.00699391 0 0.00699391
-2.74889 0.00853101 0.00769201 0 0.00769201
-2.48709 -0.00476758 0.00820929 0 0.00820929
-2.22529 -0.00376768 0.0076826 0 0.0076826
-1.96349 0.0107068 0.00857854 0 0.00857854
-1.70169 0.0155224 0.00803193 0 0.00803193
-1.4399 -0.00843954 0.00846139 0 0.00846139
-1.17809 0.0115539 0.00773007 0 0.00773007
-0.916292 0.00916691 0.00762019 0 0.00762019
-0.654503 0.0175261 0.0081468 0 0.0081468
-0.392699 -0.0114482 0.0137862 0 0.0137862
0.392699 0.0122606 0.00802141 0 0.00802141
0.654503 0.0272617 0.00837092 0 0.00837092
0.916292 0.0120148 0.00800522 0 0.00800522
1.17809 0.0177822 0.00823244 0 0.00823244
1.4399 0.0166673 0.0103765 0 0.0103765
1.70169 0.0101597 0.00883175 0 0.00883175
1.9635 0.0139757 0.00769204 0 0.00769204
2.2253 -0.00305235 0.00842529 0 0.00842529
2.48709 0.0139283 0.0103982 0 0.0103982
2.74889 0.0111278 0.00862367 0 0.00862367
3.01069 0.0233925 0.00663363 0 0.00663363
