-3.01069 19662 140.221 14478 120.325
-2.74889 16914 130.054 11143 105.56
-2.48709 13989 118.275 9326 96.5712
-2.22529 15737 125.447 11512 107.294
-1.96349 12965 113.864 8483 92.1032
-1.70169 18804 137.128 12949 113.794
-1.4399 14836 121.803 10208 101.035
-1.17809 16305 127.691 10649 103.194
-0.916292 16480 128.374 11283 106.221
-0.654503 16193 127.252 10706 103.47
-0.392699 7284 85.3464 4318 65.7115
-0.130894 2768 52.6118 1971 44.3959
0.130894 1908 43.6807 1683 41.0244
0.392699 16491 128.417 11586 107.638
0.654503 14200 119.164 9866 99.3277
0.916292 15344 123.871 10618 103.044
1.17809 15092 122.85 10325 101.612
1.4399 14869 121.939 9922 99.6092
1.70169 13774 117.363 9186 95.8436
1.9635 16413 128.113 11145 105.57
2.2253 11624 107.815 8821 93.9202
2.48709 7196 84.8292 5585 74.7329
2.74889 12210 110.499 9062 95.1945
3.01069 22775 150.914 16517 128.518
