-3.01069 11042 105.081 8018 89.5433
-2.74889 10582 102.869 6481 80.5047
-2.48709 8543 92.4284 5401 73.4915
-2.22529 9641 98.1886 6364 79.7747
-1.96349 8050 89.7218 4979 70.562
-1.70169 9512 97.5295 5813 76.243
-1.4399 8537 92.3959 5455 73.858
-1.17809 9945 99.7246 6092 78.0513
-0.916292 9067 95.2208 5846 76.4591
-0.654503 9497 97.4526 6107 78.1473
-0.392699 4358 66.0151 2229 47.2123
-0.130894 1425 37.7492 1178 34.322
0.130894 634 25.1794 569 23.8537
0.392699 11195 105.806 7123 84.3979
0.654503 9692 98.448 6287 79.2906
0.916292 8760 93.5949 5726 75.6703
1.17809 9347 96.6799 5851 76.4918
1.4399 7871 88.7187 5232 72.3326
1.70169 8605 92.7631 5540 74.4312
1.9635 9761 98.7978 6064 77.8717
2.2253 7643 87.4243 5294 72.7599
2.48709 3468 58.8897 2366 48.6415
2.74889 6280 79.2465 4589 67.7422
3.01069 11074 105.233 8058 89.7664
