-3.01069 10109 100.544 8134 90.1887
-2.74889 8371 91.4932 6703 81.8719
-2.48709 7448 86.3018 5635 75.0666
-2.22529 8496 92.1737 7053 83.9821
-1.96349 6715 81.9451 5325 72.9726
-1.70169 7622 87.3041 6180 78.613
-1.4399 7036 83.8809 5565 74.5989
-1.17809 8263 90.901 6479 80.4922
-0.916292 8524 92.3255 6823 82.6015
-0.654503 7393 85.9826 5853 76.5049
-0.392699 2658 51.5558 1771 42.0833
-0.130894 2454 49.5379 1412 37.5766
0.130894 1302 36.0832 1151 33.9264
0.392699 7668 87.5671 6273 79.2023
0.654503 6930 83.2466 5621 74.9733
0.916292 7701 87.7553 6308 79.4229
1.17809 7238 85.0764 5963 77.2205
1.4399 4561 67.5352 4001 63.2535
1.70169 6339 79.6178 5084 71.3022
1.9635 8324 91.236 6751 82.1645
2.2253 7059 84.0179 5663 75.2529
2.48709 4555 67.4907 5521 74.3034
2.74889 6642 81.4985 5799 76.1512
3.01069 11082 105.271 9764 98.813
