-3.01069 0.0190747 0.00581725 0 0.00581725
-2.74889 0.0204344 0.00662587 0 0.00662587
-2.48709 0.00539852 0.00729925 0 0.00729925
-2.22529 0.00220974 0.00658049 0 0.00658049
-1.96349 -0.00300204 0.00768558 0 0.00768558
-1.70169 0.0112868 0.0061761 0 0.0061761
-1.4399 -0.000553375 0.00699778 0 0.00699778
-1.17809 0.019743 0.0067803 0 0.0067803
-0.916292 0.00931265 0.00662298 0 0.00662298
-0.654503 0.0114133 0.00679175 0 0.00679175
-0.392699 -0.00447994 0.0107798 0 0.0107798
0.392699 0.0183885 0.00650503 0 0.00650503
0.654503 0.0120113 0.00707271 0 0.00707271
0.916292 0.0166767 0.00680117 0 0.00680117
1.17809 0.00764744 0.00692928 0 0.00692928
1.4399 0.0188137 0.00702769 0 0.00702769
1.70169 0.00253152 0.00736532 0 0.00736532
1.9635 0.0177164 0.00663482 0 0.00663482
2.2253 0.00977205 0.0074885 0 0.0074885
2.48709 0.0127798 0.00939625 0 0.00939625
2.74889 0.0221821 0.00734042 0 0.00734042
3.01069 0.0121802 0.00546612 0 0.00546612
