-3.01069 3754 61.2699 2905 53.8981
-2.74889 4166 64.5446 2475 49.7494
-2.48709 3651 60.4235 2107 45.9021
-2.22529 3813 61.7495 2466 49.6588
-1.96349 2985 54.6352 1649 40.6079
-1.70169 3455 58.7792 2042 45.1885
-1.4399 2991 54.69 1835 42.8369
-1.17809 4054 63.671 2239 47.3181
-0.916292 3205 56.6127 1892 43.4971
-0.654503 3553 59.607 2315 48.1144
-0.392699 1687 41.0731 879 29.6479
-0.130894 552 23.4947 392 19.799
0.130894 178 13.3417 148 12.1655
0.392699 4606 67.8675 2828 53.1789
0.654503 4171 64.5833 2473 49.7293
0.916292 3522 59.3464 2266 47.6025
1.17809 3800 61.6441 2345 48.4252
1.4399 3677 60.6383 2280 47.7493
1.70169 3333 57.7321 2048 45.2548
1.9635 3802 61.6604 2217 47.085
2.2253 3112 55.7853 1851 43.0232
2.48709 1436 37.8946 958 30.9516
2.74889 1910 43.7035 1242 35.242
3.01069 3261 57.1052 2223 47.1487
