-3.01069 11002 104.89 8388 91.586
-2.74889 10420 102.078 6485 80.5295
-2.48709 8175 90.4157 5266 72.5672
-2.22529 9385 96.8762 6422 80.1374
-1.96349 7880 88.7694 4869 69.7782
-1.70169 9317 96.5246 5698 75.4851
-1.4399 8291 91.0549 5408 73.5391
-1.17809 9895 99.4736 6046 77.756
-0.916292 8937 94.5357 5618 74.9533
-0.654503 9210 95.9687 6053 77.801
-0.392699 4339 65.8711 2207 46.9787
-0.130894 1405 37.4833 1183 34.3948
0.130894 639 25.2784 575 23.9792
0.392699 11047 105.105 6900 83.0662
0.654503 9580 97.8775 6166 78.5239
0.916292 8275 90.967 5515 74.263
1.17809 8832 93.9787 5469 73.9527
1.4399 7895 88.8538 5110 71.4843
1.70169 8425 91.7878 5466 73.9324
1.9635 9679 98.3819 5918 76.9285
2.2253 7574 87.0287 5063 71.1548
2.48709 3458 58.8048 2313 48.0937
2.74889 6255 79.0886 4313 65.6734
3.01069 10860 104.211 7681 87.6413
