-3.01069 10337 101.671 8274 90.9615
-2.74889 8532 92.3688 7056 84
-2.48709 7392 85.9767 5816 76.2627
-2.22529 8449 91.9184 6985 83.5763
-1.96349 6874 82.9096 5434 73.7157
-1.70169 7878 88.7581 6315 79.467
-1.4399 6932 83.2586 5591 74.773
-1.17809 8473 92.0489 6605 81.2712
-0.916292 8699 93.2684 6931 83.2526
-0.654503 7672 87.59 6046 77.756
-0.392699 2603 51.0196 1832 42.8019
-0.130894 2583 50.8232 1531 39.128
0.130894 1298 36.0278 1200 34.641
0.392699 7874 88.7356 6739 82.0914
0.654503 7333 85.6329 5904 76.8375
0.916292 7904 88.9044 6552 80.9444
1.17809 7515 86.6891 6028 77.6402
1.4399 4725 68.7386 4111 64.1171
1.70169 6482 80.5109 5162 71.8471
1.9635 8577 92.6121 6842 82.7164
2.2253 7030 83.8451 5690 75.4321
2.48709 4693 68.5055 5549 74.4916
2.74889 6805 82.4924 6043 77.7367
3.01069 11636 107.87 10462 102.284
