-3.01069 0.00753848 0.00780721 0 0.00780721
-2.74889 0.0246626 0.0085234 0 0.0085234
-2.48709 0.0148127 0.00934458 0 0.00934458
-2.22529 -0.00583798 0.00844045 0 0.00844045
-1.96349 0.00913713 0.00964099 0 0.00964099
-1.70169 0.00981042 0.00894624 0 0.00894624
-1.4399 0.00133658 0.00946822 0 0.00946822
-1.17809 0.00863615 0.00874266 0 0.00874266
-0.916292 0.0068583 0.00852719 0 0.00852719
-0.654503 0.0152261 0.00916695 0 0.00916695
-0.392699 0.0159366 0.0166582 0 0.0166582
0.392699 0.0348203 0.00876205 0 0.00876205
0.654503 0.0235619 0.00931306 0 0.00931306
0.916292 0.0179799 0.00881745 0 0.00881745
1.17809 0.00442675 0.0091326 0 0.0091326
1.4399 0.0125663 0.0111026 0 0.0111026
1.70169 0.00661877 0.00987955 0 0.00987955
1.9635 0.00570065 0.00857759 0 0.00857759
2.2253 0.00138422 0.00938572 0 0.00938572
2.48709 0.00153535 0.00950492 0 0.00950492
2.74889 0.019611 0.00918832 0 0.00918832
3.01069 0.0335172 0.0070284 0 0.0070284
