-3.01069 0.0093247 0.00501746 0 0.00501746
-2.74889 -0.00134887 0.00543884 0 0.00543884
-2.48709 -0.0137721 0.00601667 0 0.00601667
-2.22529 -0.00482126 0.00564818 0 0.00564818
-1.96349 -0.00172729 0.00621309 0 0.00621309
-1.70169 0.000466309 0.00515369 0 0.00515369
-1.4399 0.00396912 0.00579167 0 0.00579167
-1.17809 0.00751928 0.00551474 0 0.00551474
-0.916292 0.0109077 0.00547586 0 0.00547586
-0.654503 -0.00272614 0.00556236 0 0.00556236
-0.392699 0.00993691 0.00823998 0 0.00823998
0.392699 0.0112549 0.00547305 0 0.00547305
0.654503 0.0156948 0.00588434 0 0.00588434
0.916292 0.00577044 0.00568984 0 0.00568984
1.17809 0.00819724 0.00573004 0 0.00573004
1.4399 0.00905934 0.00577029 0 0.00577029
1.70169 -0.000341033 0.00602377 0 0.00602377
1.9635 0.00970499 0.00549041 0 0.00549041
2.2253 0.00808496 0.00652926 0 0.00652926
2.48709 0.00212299 0.0083232 0 0.0083232
2.74889 0.0186772 0.00633571 0 0.00633571
3.01069 0.0206358 0.00463465 0 0.00463465
