-3.01069 -0.0235462 0.00780551 0 0.00780551
-2.74889 -0.00130251 0.00878258 0 0.00878258
-2.48709 0.011662 0.00968224 0 0.00968224
-2.22529 -0.0055302 0.00884402 0 0.00884402
-1.96349 0.0101759 0.0100769 0 0.0100769
-1.70169 0.00899652 0.00932079 0 0.00932079
-1.4399 0.00333262 0.00959503 0 0.00959503
-1.17809 0.00279575 0.00907717 0 0.00907717
-0.916292 0.0188947 0.00933868 0 0.00933868
-0.654503 0.00344679 0.00906894 0 0.00906894
-0.392699 0.00396543 0.0150145 0 0.0150145
0.392699 0.0149087 0.00844434 0 0.00844434
0.654503 0.00872261 0.00896139 0 0.00896139
0.916292 0.0177769 0.00943103 0 0.00943103
1.17809 0.0327527 0.00939465 0 0.00939465
1.4399 0.0108027 0.00983327 0 0.00983327
1.70169 0.00572963 0.00953241 0 0.00953241
1.9635 0.0111911 0.0091356 0 0.0091356
2.2253 0.0213102 0.0098246 0 0.0098246
2.48709 0.0103333 0.0146189 0 0.0146189
2.74889 0.0300112 0.0105948 0 0.0105948
3.01069 0.0229598 0.00796964 0 0.00796964
