-3.01069 0.00646012 0.0087666 0 0.0087666
-2.74889 0.00709666 0.0127207 0 0.0127207
-2.48709 0.0128978 0.0139871 0 0.0139871
-2.22529 0.00433805 0.0127116 0 0.0127116
-1.96349 0.0252929 0.0149848 0 0.0149848
-1.70169 -0.00266905 0.0136427 0 0.0136427
-1.4399 -0.00390945 0.0139416 0 0.0139416
-1.17809 0.00218348 0.0123011 0 0.0123011
-0.916292 0.0176747 0.0128519 0 0.0128519
-0.654503 0.0108683 0.0137215 0 0.0137215
-0.392699 -0.00513649 0.0287833 0 0.0287833
0.392699 0.0344502 0.0134402 0 0.0134402
0.654503 0.022382 0.0146412 0 0.0146412
0.916292 -0.00481211 0.013174 0 0.013174
1.17809 0.0326148 0.0130884 0 0.0130884
1.4399 0.0238657 0.0182014 0 0.0182014
1.70169 0.00129147 0.0144146 0 0.0144146
1.9635 0.0253637 0.011933 0 0.011933
2.2253 0.0316237 0.0120886 0 0.0120886
2.48709 0.0239428 0.0140091 0 0.0140091
2.74889 0.0462337 0.010855 0 0.010855
3.01069 0.00902468 0.00845968 0 0.00845968
