-3.01069 4543 67.4018 6555 80.963
-2.74889 2084 45.6508 3115 55.8122
-2.48709 1886 43.4281 2591 50.9019
-2.22529 2084 45.6508 3111 55.7763
-1.96349 1616 40.1995 2284 47.7912
-1.70169 1881 43.3705 2682 51.788
-1.4399 1792 42.332 2565 50.6458
-1.17809 2340 48.3735 3315 57.576
-0.916292 2189 46.7868 3083 55.5248
-0.654503 1943 44.0795 2687 51.8363
-0.392699 517 22.7376 601 24.5153
-0.130894 1421 37.6962 1801 42.4382
0.130894 363 19.0526 639 25.2784
0.392699 1903 43.6234 2863 53.507
0.654503 1611 40.1373 2386 48.8467
0.916292 2049 45.2659 2870 53.5724
1.17809 2045 45.2217 3014 54.8999
1.4399 941 30.6757 1546 39.3192
1.70169 1553 39.4081 2412 49.1121
1.9635 2342 48.3942 3602 60.0167
2.2253 2195 46.8508 3530 59.4138
2.48709 1306 36.1386 2610 51.0882
2.74889 2615 51.1371 4435 66.5958
3.01069 4624 68 7057 84.006
