-3.01069 0.00176507 0.0105058 0 0.0105058
-2.74889 -0.0102642 0.0154168 0 0.0154168
-2.48709 0.00837187 0.0163582 0 0.0163582
-2.22529 -0.0144849 0.0153831 0 0.0153831
-1.96349 -0.00530699 0.0175519 0 0.0175519
-1.70169 0.0100246 0.0163931 0 0.0163931
-1.4399 0.00405368 0.0167461 0 0.0167461
-1.17809 -0.0124007 0.014533 0 0.014533
-0.916292 0.0197572 0.015267 0 0.015267
-0.654503 0.012569 0.0161493 0 0.0161493
-0.392699 0.0413464 0.0317243 0 0.0317243
0.392699 0.0391825 0.01652 0 0.01652
0.654503 0.018304 0.017784 0 0.017784
0.916292 0.0214616 0.0157926 0 0.0157926
1.17809 0.0204849 0.0158008 0 0.0158008
1.4399 0.0268604 0.0233622 0 0.0233622
1.70169 0.00483503 0.0179955 0 0.0179955
1.9635 0.0226079 0.0147797 0 0.0147797
2.2253 -0.0140334 0.0149926 0 0.0149926
2.48709 0.0078898 0.019653 0 0.019653
2.74889 0.04292 0.0141159 0 0.0141159
3.01069 0.00433268 0.0104267 0 0.0104267
