-3.01069 20072 141.676 15071 122.764
-2.74889 16902 130.008 11631 107.847
-2.48709 13636 116.773 9446 97.1905
-2.22529 15617 124.968 11586 107.638
-1.96349 12946 113.78 8449 91.9184
-1.70169 18859 137.328 13271 115.2
-1.4399 14984 122.409 10217 101.079
-1.17809 16585 128.783 11100 105.357
-0.916292 16877 129.912 11518 107.322
-0.654503 16137 127.031 10975 104.762
-0.392699 7445 86.2844 4288 65.4828
-0.130894 2920 54.037 1984 44.5421
0.130894 2007 44.7996 1678 40.9634
0.392699 16900 130 12044 109.745
0.654503 14682 121.169 10126 100.628
0.916292 15553 124.712 11000 104.881
1.17809 15372 123.984 10505 102.494
1.4399 15171 123.171 10323 101.602
1.70169 13792 117.439 9251 96.1821
1.9635 16768 129.491 11570 107.564
2.2253 11837 108.798 9013 94.9368
2.48709 7241 85.0941 5741 75.7694
2.74889 12700 112.694 9492 97.4269
3.01069 23782 154.214 16958 130.223
