0 3.34864 107.143 2.80191 269.916 21.5466 2.14775 53.169 1.0873 138.381 8.86976 1.5041 53.3425 1.10719 134.94 9.12704
1 2.84471 45.2883 2.61452 1208.18 135.911 1.56357 23.2255 0.654034 574.26 42.3761 1.44838 21.9255 0.644442 618.422 43.6335
2 3.62304 40.3752 2.31899 1175.51 147.519 2.07843 20.3445 0.621661 577.134 51.3208 1.91032 19.5775 0.610179 605.669 51.0915
3 1.586 44.7779 2.45139 1192.67 179.211 1.01103 22.5367 0.642064 574.861 49.6426 0.851311 21.9398 0.630412 629.61 49.3911
4 2.10203 47.7675 6.29004 718.038 586.906 1.13012 24.6146 0.825571 357.569 43.0085 1.92044 22.2958 0.789512 376.33 41.8396
5 2.54886 39.5094 2.75843 893.654 92.7941 1.05032 19.7697 0.611245 428.816 30.6748 1.62777 19.5547 0.607192 458.791 31.0137
6 2.8055 46.8533 4.17167 702.263 551.122 1.67858 22.9599 0.759853 351.101 40.5715 1.37208 23.4126 0.762781 365.977 40.4566
7 3.00753 46.7905 2.08991 1345.44 181.239 1.6769 23.3832 0.636589 701.254 49.7081 1.59986 23.0502 0.627964 652.348 48.2171
8 2.08369 48.0355 2.97952 71346.9 22150.2 1.48962 24.055 0.682676 39278.5 2933.57 1.27803 23.5798 0.676621 31762.9 2806.11
9 3.16397 38.8434 3.01319 1065.03 135.234 1.35306 19.4553 0.6381 568.009 36.4987 2.27248 18.967 0.628736 493.992 34.9905
10 1.14925 9.27347 1.58816 35.2963 5.64054 1.00717 4.3314 0.307506 18.0316 2.34718 0.956507 4.6534 0.314415 15.6502 2.25092
13 2.64509 43.0417 3.40738 921.925 124.569 1.55409 22.2998 0.672347 458.274 37.0582 1.80429 20.4593 0.647883 443.56 36.3486
14 1.6915 40.2648 5.21943 600.3 108.521 1.20848 20.5895 0.721769 306.547 24.976 1.32712 19.0702 0.697363 295.129 24.3972
15 1.93638 41.333 3.00758 1306.08 193.934 0.854894 20.5126 0.607726 670.323 39.8712 1.35368 20.6222 0.608076 629.479 39.0903
16 2.79709 53.7532 4.45685 255.094 514.207 1.23403 27.418 0.796913 137.367 15.6947 1.94727 25.8562 0.775728 119.621 15.1781
17 2.12595 24.4589 2.58354 532.199 101.635 0.793992 12.2924 0.501867 295.341 31.8608 1.76158 11.8569 0.495959 234.447 30.7212
18 2.94102 35.0067 2.09231 1058.72 145.528 2.17534 17.1141 0.561859 543.519 42.2389 1.59196 17.3077 0.56516 518.559 41.9545
19 2.35233 66.6844 5.08194 1635.44 1110.76 1.43436 34.1875 0.936 795.256 82.704 1.35649 31.8713 0.900159 871.277 81.1052
20 2.97902 54.4488 2.44946 1275.08 175.897 1.4443 28.0452 0.720498 629.659 47.2974 1.91756 25.8893 0.68781 661.942 45.8371
21 2.13853 39.3705 2.24375 647.534 119.018 1.37068 19.9658 0.607428 331.715 36.6615 1.3673 19.2056 0.600585 296.875 36.2914
22 2.10806 71.8588 2.72932 2379.82 1621.05 1.52774 37.8874 0.859318 1204.02 121.049 1.48905 33.6215 0.800006 1153.11 112.354
23 2.87615 107.795 2.60656 1632.47 105.93 0.953837 53.9122 1.01217 819.145 39.042 2.49135 53.4614 1.00621 817.807 38.8458
