0 44.1638 597.473 4.48629 2095.6 55.0512 17.9708 301.536 2.70667 1074.2 25.0377 15.828 291.033 2.67936 1088.39 25.0143
1 16.7538 491.265 4.25084 2067.13 45.7748 8.11233 248.358 2.33622 1037.88 22.4845 5.82008 240.789 2.29608 1054.97 22.2158
2 7.43933 394.646 4.36068 1980.65 48.0494 3.17396 200.24 2.08898 966.935 18.9469 4.31952 193.968 2.05783 1012.62 18.9254
3 7.7053 463.182 5.19048 2257.98 49.7973 3.37288 232.225 2.24303 1107.83 19.275 3.97749 230.549 2.23398 1150.05 19.354
4 6.87096 365.998 4.46648 1740.4 45.8949 3.54586 184.316 2.02627 873.253 18.0355 2.95038 181.236 2.01412 868.198 17.979
5 8.64787 457.595 4.81109 2134.59 50.8319 3.91594 229.931 2.26341 1076.13 20.31 4.38092 227.359 2.24691 1056.67 20.1249
6 6.95911 395.818 4.22236 1786.44 46.0831 3.52655 197.069 2.13254 896.43 18.9489 3.50801 198.594 2.12396 886.309 18.7585
7 14.5758 469.364 4.11632 2114.94 45.8208 6.98425 236.327 2.24628 1073.59 22.3548 4.81839 231.038 2.22905 1067.58 22.2905
8 8.72064 454.599 5.15346 2430.53 53.2788 3.93202 230.545 2.24996 1205.04 19.8948 3.84442 223.829 2.2247 1225.13 19.8651
9 15.9446 439.359 3.95629 3969.9 604.48 6.63597 220.99 2.16716 2046.69 43.8797 5.94704 216.674 2.14734 1972.55 43.4043
10 19.0239 1001.26 3.43322 1021.12 2106.58 8.12795 509.908 9.96038 509.494 10.3282 8.52116 493.822 9.8096 517.575 10.3082
13 6.37872 441.391 4.95191 2002.39 46.7448 3.82551 226.619 2.24217 1001.43 19.2248 2.3494 214.339 2.18479 1001.54 18.9249
14 11.8593 425.638 4.57511 1841.44 43.9399 5.64287 213.942 2.12937 962.615 20.6187 4.42215 209.865 2.10241 900.519 20.1576
15 18.4894 433.529 3.64707 2204.48 41.6148 8.3313 217.303 2.09862 1133.44 21.1232 6.81319 214.141 2.07396 1098.27 20.7574
16 15.1471 433.06 3.73686 11306.6 417.426 6.29203 217.321 2.21052 5895.4 140.755 6.45629 213.512 2.17993 5582.66 137.722
17 10.7121 338.66 3.52849 1245.96 36.7101 4.38071 171.406 1.94008 655.518 18.311 4.35679 165.486 1.89556 612.496 17.7434
18 4.79894 371.936 4.17803 1599.44 43.5907 2.02438 186.886 2.07524 797.561 18.0791 3.00229 184.701 2.05653 801.115 17.9355
19 15.9707 497.476 4.51106 2070.97 45.7189 7.72557 250.649 2.3247 1064.08 22.1557 5.22499 244.819 2.30109 1032.5 21.9386
20 11.9179 396.925 3.9155 1534.34 40.937 5.14652 198.947 2.11341 779.973 19.1721 4.89027 195.946 2.09552 778.242 19.0253
21 15.6652 381.756 10.3709 938.794 43.0616 6.37183 190.137 2.01673 494.106 14.8339 6.17524 188.843 2.0001 475.869 14.5549
22 14.3583 440.106 3.86628 1184.71 41.5699 5.88462 223.45 2.16961 621.141 20.3276 5.7462 214.485 2.11876 592.034 19.7751
23 27.3056 757.247 4.67982 1869.06 56.2915 10.8874 386.591 2.93163 969.694 27.6045 11.0872 367.077 2.87386 946.194 27.2414
