0 39.1155 519.14 5.43548 3014.6 53.3992 15.5989 260.77 2.72063 1520.14 21.6715 16.789 256.841 2.70813 1510.03 21.6205
1 7.30074 424.804 3.98111 3154.41 119.61 3.79677 214.252 2.21776 1575.98 22.6767 3.67604 209.715 2.19939 1582 22.6124
2 4.92225 353.051 5.36021 4199.42 2607.1 2.39265 176.99 2.16374 2113.26 32.0117 2.8708 175.374 2.16149 2089.07 31.9779
3 8.01166 452.398 4.50044 2865.74 149.9 3.80229 225.377 2.25897 1453.69 22.4116 4.04641 226.264 2.26235 1414.86 22.3071
4 5.01843 331.182 4.40231 3701.61 2498.02 3.14457 164.751 1.99137 1864.34 28.9966 2.01457 165.971 1.99218 1837.85 28.8606
5 4.82927 425.896 5.35977 5834.12 6501.86 2.44427 215.407 2.39142 2949.05 40.1494 2.20604 210.068 2.36308 2887.66 39.708
6 6.51236 366.585 3.65543 2459.38 74.7958 2.96912 183.976 2.10629 1240.99 20.0849 3.49394 181.836 2.09744 1222.58 19.998
7 7.09679 407.961 4.43578 3069.15 40.8821 3.21709 206.97 2.18599 1525.84 21.8468 3.59448 200.517 2.16173 1544.27 21.8197
8 7.24301 393.858 4.30231 3040.76 198.031 3.17079 199.474 2.15439 1548 22.1687 3.67831 193.873 2.12059 1494.5 21.784
9 12.5682 436.758 2.80039e-06 3081.46 2.80039e-06 4.72939 212.608 2.7669 1556.48 18.0094 5.79277 207.602 2.73941 1558.6 17.9387
10 10.502 156.261 2.36262 1424.78 26.7952 3.90267 78.1374 1.42546 725.946 14.3392 4.93256 77.32 1.4195 707.388 14.227
13 7.767 477.184 4.29416 3287.82 129.337 3.47343 244.594 2.35892 1636.42 23.8167 3.94399 232.071 2.29715 1654.05 23.483
14 12.2027 487.728 2.67068e-07 3115.89 2.67067e-07 5.25408 248.283 2.77052 1581.07 19.6629 4.81682 241.369 2.73063 1544.74 19.3994
15 23.8237 386.051 4.13798 2532.25 38.1731 9.74152 196.637 2.24834 1295.35 19.9914 10.3336 188.521 2.20264 1245.72 19.6031
16 16.5914 450.595 1.35932e-06 3100.67 1.35932e-06 6.36701 222.337 2.74682 1606.33 18.4516 5.69253 215.982 2.69963 1542.37 18.0736
17 6.5584 373.396 3.55229 2344.9 42.3434 2.93993 189.697 2.11987 1153.67 20.2345 3.21924 182.971 2.09007 1196.61 20.2309
18 12.6538 394.227 2.18957 2712.88 14.4945 5.68074 197.829 2.43414 1366.1 18.0882 4.67484 199.995 2.44823 1321.31 17.9964
19 7.28664 412.127 4.14462 3103.56 210.235 4.1941 208.3 2.21602 1565.44 22.6388 2.86301 203.399 2.18998 1539.04 22.4008
20 11.0028 393.955 3.67612e-09 2276.26 3.6761e-09 4.81829 197.23 2.4463 1155.49 17.0032 4.59648 191.162 2.41879 1160.55 16.9536
21 5.49491 166.59 5.69432 1524.98 137.247 3.07547 84.2825 1.68579 762.715 15.6684 2.49035 81.5165 1.66839 765.244 15.6255
22 22.5516 326.765 3.22895 1535.69 36.6792 10.0488 168.72 2.08264 752.307 17.9603 9.15504 156.734 2.01647 795.774 17.7402
23 42.0442 563.699 4.36404 2713.8 53.7831 18.1249 288.339 2.70698 1353.25 23.7107 17.5038 273.477 2.64519 1378.65 23.427
