3.01069 0.0365216 0.00776872 0.0139324 0.0159519
2.74889 0.0415531 0.0101591 0.0139269 0.0172385
2.48709 -0.0145913 0.0141068 0.013948 0.019838
2.2253 0.014034 0.00965095 0.0139482 0.0169615
1.9635 0.0120651 0.00886281 0.0139489 0.0165264
1.70169 0.0086151 0.00919191 0.0139499 0.016706
1.4399 -0.0101002 0.00944333 0.0139496 0.0168454
1.17809 0.0191151 0.00914224 0.0139459 0.0166754
0.916292 0.0141034 0.00918711 0.0139482 0.016702
0.654503 -0.00447243 0.00875552 0.0139507 0.0164706
0.392699 0.0158414 0.00823051 0.0139475 0.0161949
-0.392699 0.017505 0.0139364 0.0139467 0.0197163
-0.654503 0.00614213 0.00888911 0.0139504 0.0165418
-0.916292 0.0140189 0.00918603 0.0139482 0.0167014
-1.17809 0.00475217 0.00884277 0.0139507 0.0165171
-1.4399 0.00419927 0.00933027 0.0139507 0.0167832
-1.70169 0.0102242 0.00900755 0.0139495 0.016605
-1.96349 0.0184152 0.00965864 0.0139462 0.0169643
-2.22529 -0.000163811 0.0086709 0.013951 0.016426
-2.48709 0.0164335 0.00937699 0.0139472 0.0168063
-2.74889 -0.00482163 0.00856646 0.0139506 0.0163709
-3.01069 0.0046693 0.00774286 0.0139507 0.0159553
