3.01069 0.0165126 0.00719268 0.0139472 0.0156926
2.74889 0.0274465 0.00948786 0.0139405 0.0168629
2.48709 0.0270955 0.0125013 0.0139407 0.018725
2.2253 0.00741767 0.00845204 0.0139502 0.0163109
1.9635 0.0132367 0.00754796 0.0139485 0.0158598
1.70169 -0.00276255 0.00810661 0.0139509 0.0161352
1.4399 0.00798096 0.00839762 0.0139501 0.0162827
1.17809 0.00101312 0.00778898 0.013951 0.015978
0.916292 0.00120897 0.00803157 0.013951 0.0160977
0.654503 0.000217096 0.00753192 0.013951 0.0158543
0.392699 0.0113472 0.00704907 0.0139492 0.0156291
-0.392699 0.0104735 0.0113144 0.0139494 0.0179611
-0.654503 0.00632531 0.00764684 0.0139504 0.0159087
-0.916292 0.00670495 0.00777086 0.0139503 0.0159687
-1.17809 -0.0010633 0.00743459 0.013951 0.0158083
-1.4399 0.00356612 0.00807255 0.0139508 0.016118
-1.70169 -0.00853402 0.00764978 0.01395 0.0159098
-1.96349 0.0112261 0.00831304 0.0139492 0.0162385
-2.22529 -0.00383648 0.00760226 0.0139508 0.0158877
-2.48709 0.0026752 0.00812181 0.0139509 0.0161428
-2.74889 0.000635626 0.00724834 0.013951 0.0157216
-3.01069 0.0207355 0.0071011 0.013945 0.0156489
