3.01069 0.0222957 0.00505896 0.013944 0.0148334
2.74889 0.0217979 0.00676249 0.0139443 0.0154976
2.48709 0.0186335 0.00871863 0.0139461 0.0164472
2.2253 0.00619063 0.00686032 0.0139504 0.015546
1.9635 0.00717338 0.00583873 0.0139503 0.0151228
1.70169 0.0206447 0.00639232 0.013945 0.0153403
1.4399 0.0133834 0.00613798 0.0139485 0.0152392
1.17809 0.010783 0.00605748 0.0139494 0.0152078
0.916292 0.00573416 0.00604002 0.0139505 0.0152019
0.654503 0.0129094 0.00622276 0.0139486 0.0152738
0.392699 -0.00157557 0.00581317 0.0139509 0.0151136
-0.392699 0.0098434 0.00869868 0.0139496 0.0164396
-0.654503 0.00359463 0.0058955 0.0139508 0.0151453
-0.916292 -0.00242896 0.00578874 0.0139509 0.0151042
-1.17809 -0.00329037 0.00585848 0.0139508 0.015131
-1.4399 0.0100966 0.00613417 0.0139496 0.0152387
-1.70169 0.00333024 0.00549865 0.0139508 0.0149953
-1.96349 0.00291851 0.0065672 0.0139509 0.0154193
-2.22529 0.0063812 0.00597024 0.0139504 0.0151742
-2.48709 0.0103361 0.00637351 0.0139495 0.0153365
-2.74889 0.00678652 0.0057782 0.0139503 0.0150996
-3.01069 0.0074356 0.00538437 0.0139502 0.0149532
