3.01069 4935 70.2496 6189 78.6702
2.74889 2722 52.1728 3780 61.4817
2.48709 1399 37.4032 2399 48.9796
2.2253 2440 49.3964 3181 56.4004
1.9635 2561 50.6063 3264 57.1314
1.70169 1716 41.4246 2228 47.2017
1.4399 1013 31.8277 1438 37.921
1.17809 2221 47.1275 2716 52.1153
0.916292 2110 45.9347 2725 52.2015
0.654503 1712 41.3763 2200 46.9042
0.392699 1998 44.699 2559 50.5866
0.130894 363 19.0526 559 23.6432
-0.130894 1447 38.0395 1573 39.6611
-0.392699 528 22.9783 567 23.8118
-0.654503 2039 45.1553 2432 49.3153
-0.916292 2323 48.1975 2866 53.535
-1.17809 2592 50.9117 3069 55.3986
-1.4399 1939 44.0341 2406 49.051
-1.70169 2018 44.9222 2485 49.8498
-1.96349 1770 42.0714 2075 45.5522
-2.22529 2351 48.4871 2855 53.4322
-2.48709 1980 44.4972 2391 48.8979
-2.74889 2352 48.4974 2948 54.2955
-3.01069 5004 70.739 5954 77.1622
