3.01069 21981 148.26 19173 138.467
2.74889 11751 108.402 10556 102.742
2.48709 6894 83.0301 6316 79.4733
2.2253 11232 105.981 9646 98.2141
1.9635 15851 125.901 12492 111.768
1.70169 13226 115.004 10305 101.514
1.4399 14324 119.683 11338 106.48
1.17809 14698 121.235 11233 105.986
0.916292 14717 121.314 11777 108.522
0.654503 13904 117.915 11013 104.943
0.392699 15864 125.952 12883 113.503
0.130894 1830 42.7785 1901 43.6005
-0.130894 2470 49.6991 2446 49.4571
-0.392699 6869 82.8794 5017 70.8308
-0.654503 15470 124.378 11873 108.963
-0.916292 15995 126.471 12259 110.72
-1.17809 15574 124.796 11883 109.009
-1.4399 14298 119.574 11182 105.745
-1.70169 17982 134.097 14281 119.503
-1.96349 12279 110.811 9586 97.9081
-2.22529 15098 122.874 12561 112.076
-2.48709 13180 114.804 10484 102.391
-2.74889 16205 127.299 12402 111.364
-3.01069 18900 137.477 16058 126.72
