3.01069 0.0278058 0.00539613 0.0139402 0.0149481
2.74889 0.0213321 0.00711416 0.0139446 0.0156545
2.48709 0.01506 0.0090817 0.0139478 0.0166439
2.2253 0.0130565 0.0073991 0.0139486 0.0157896
1.9635 0.013472 0.00654568 0.0139484 0.015408
1.70169 0.00964607 0.00715834 0.0139497 0.0156791
1.4399 0.0235693 0.00688343 0.0139432 0.0155498
1.17809 0.00623514 0.00686018 0.0139504 0.015546
0.916292 0.00889796 0.00671647 0.0139499 0.0154826
0.654503 0.0142898 0.00695037 0.0139481 0.0155839
0.392699 0.0149154 0.00645546 0.0139479 0.0153693
-0.392699 0.00910222 0.0101305 0.0139498 0.0172402
-0.654503 0.0136864 0.0067053 0.0139484 0.0154764
-0.916292 0.00618569 0.0065822 0.0139504 0.0154253
-1.17809 0.00651863 0.00668076 0.0139504 0.0154676
-1.4399 0.00872467 0.00688288 0.0139499 0.0155555
-1.70169 0.00978527 0.00613671 0.0139496 0.0152398
-1.96349 0.019049 0.00744131 0.0139459 0.015807
-2.22529 0.0137019 0.00652935 0.0139484 0.0154009
-2.48709 0.0155623 0.00711901 0.0139476 0.0156594
-2.74889 0.00802396 0.00655181 0.0139501 0.015412
-3.01069 0.00784992 0.00580545 0.0139501 0.0151099
