3.01069 2987 54.6535 2491 49.9099
2.74889 1700 41.2311 1316 36.2767
2.48709 1328 36.4417 1106 33.2566
2.2253 2866 53.535 2000 44.7214
1.9635 3482 59.0085 2505 50.05
1.70169 3028 55.0273 2319 48.156
1.4399 3435 58.6089 2584 50.8331
1.17809 3494 59.1101 2539 50.3885
0.916292 3305 57.4891 2528 50.2792
0.654503 3970 63.0079 2751 52.45
0.392699 4429 66.5507 3069 55.3986
0.130894 142 11.9164 189 13.7477
-0.130894 514 22.6716 400 20
-0.392699 1497 38.6911 1057 32.5115
-0.654503 3311 57.5413 2453 49.5278
-0.916292 3036 55.0999 2100 45.8258
-1.17809 3711 60.918 2396 48.949
-1.4399 2800 52.915 2097 45.793
-1.70169 3232 56.8507 2276 47.7074
-1.96349 2768 52.6118 1948 44.1362
-2.22529 3629 60.2412 2695 51.9134
-2.48709 3381 58.1464 2387 48.8569
-2.74889 3998 63.2297 2788 52.8015
-3.01069 3536 59.4643 3109 55.7584
