3.01069 10009 100.045 8336 91.3017
2.74889 5568 74.619 4764 69.0217
2.48709 3171 56.3116 2590 50.892
2.2253 7219 84.9647 5454 73.8512
1.9635 9079 95.2838 6513 80.7032
1.70169 7953 89.1796 6063 77.8653
1.4399 7312 85.5102 5844 76.4461
1.17809 8610 92.7901 6064 77.8717
0.916292 8076 89.8666 6035 77.6853
0.654503 9242 96.1353 6792 82.4136
0.392699 10499 102.465 7561 86.954
0.130894 551 23.4734 658 25.6515
-0.130894 1250 35.3553 1300 36.0555
-0.392699 3954 62.8808 2570 50.6952
-0.654503 8899 94.3345 6513 80.7032
-0.916292 8602 92.747 6037 77.6981
-1.17809 9509 97.5141 6593 81.1973
-1.4399 7972 89.2861 5906 76.8505
-1.70169 9025 95 6311 79.4418
-1.96349 7442 86.267 5420 73.6206
-2.22529 9101 95.3992 6900 83.0662
-2.48709 7879 88.7637 5772 75.9737
-2.74889 10011 100.055 7108 84.309
-3.01069 10236 101.173 8685 93.1933
