3.01069 0.047263 0.00891621 0.0139198 0.0165306
2.74889 0.0513016 0.0113149 0.0139143 0.0179341
2.48709 0.012164 0.0144585 0.0139489 0.0200903
2.2253 0.0158027 0.0125564 0.0139475 0.0187669
1.9635 0.0105375 0.0124318 0.0139494 0.0186852
1.70169 0.0211103 0.014927 0.0139448 0.0204272
1.4399 -0.00934163 0.0188328 0.0139498 0.0234365
1.17809 0.0165928 0.0135679 0.0139471 0.0194579
0.916292 -0.000361486 0.0136628 0.013951 0.019527
0.654503 4.19432e-05 0.0151837 0.013951 0.0206198
0.392699 0.0232301 0.0139239 0.0139434 0.0197052
-0.392699 0.00369158 0.0297364 0.0139508 0.0328463
-0.654503 0.0256079 0.0142603 0.0139418 0.0199432
-0.916292 -0.00333592 0.0133465 0.0139508 0.0193069
-1.17809 0.0179832 0.0127655 0.0139465 0.0189067
-1.4399 0.0121396 0.0144379 0.0139489 0.0200755
-1.70169 0.0177752 0.0141678 0.0139466 0.0198805
-1.96349 0.0209765 0.0154628 0.0139448 0.020822
-2.22529 0.0257823 0.013174 0.0139417 0.0191814
-2.48709 0.00661061 0.0145235 0.0139504 0.0201381
-2.74889 -0.00520661 0.0131742 0.0139506 0.019188
-3.01069 0.0101989 0.00926589 0.0139495 0.0167465
