3.01069 2490 49.8999 3778 61.4654
2.74889 1311 36.2077 2319 48.156
2.48709 647 25.4362 1234 35.1283
2.2253 1035 32.1714 1697 41.1947
1.9635 1007 31.7333 1668 40.8412
1.70169 637 25.2389 1128 33.5857
1.4399 385 19.6214 669 25.865
1.17809 848 29.1204 1340 36.606
0.916292 845 29.0689 1286 35.8608
0.654503 633 25.1595 986 31.4006
0.392699 730 27.0185 1268 35.609
0.130894 153 12.3693 282 16.7929
-0.130894 710 26.6458 989 31.4484
-0.392699 184 13.5647 243 15.5885
-0.654503 799 28.2666 1185 34.4238
-0.916292 895 29.9166 1282 35.805
-1.17809 991 31.4802 1553 39.4081
-1.4399 708 26.6083 1201 34.6554
-1.70169 753 27.4408 1219 34.9142
-1.96349 625 25 1017 31.8904
-2.22529 845 29.0689 1365 36.9459
-2.48709 808 28.4253 1133 33.6601
-2.74889 808 28.4253 1415 37.6165
-3.01069 2345 48.4252 3406 58.3609
