3.01069 0.0231177 0.00319068 0 0
2.74889 0.0319929 0.00423999 0 0
2.48709 0.0165304 0.00531802 0 0
2.2253 0.00432431 0.00431254 0 0
1.9635 0.00643658 0.00383625 0 0
1.70169 0.0170231 0.00430353 0 0
1.4399 0.010347 0.0047098 0 0
1.17809 0.00999051 0.00402664 0 0
0.916292 0.00908433 0.00393706 0 0
0.654503 0.0156927 0.00415687 0 0
0.392699 0.00433128 0.00399777 0 0
-0.392699 0.0165812 0.0065332 0 0 
-0.654503 0.0134543 0.00394834 0 0
-0.916292 0.00306262 0.00378199 0 0
-1.17809 0.00889469 0.00382363 0 0
-1.4399 0.00475063 0.00413074 0 0
-1.70169 0.00766079 0.00385508 0 0
-1.96349 0.007868 0.00432814 0 0
-2.22529 0.0107433 0.00386775 0 0
-2.48709 0.0152947 0.00407044 0 0
-2.74889 0.00291203 0.00380099 0 0
-3.01069 0.0161938 0.00341226 0 0
