3.01069 0.0172631 0.00334509 0 0
2.74889 0.0229755 0.0044985 0 0
2.48709 0.020637 0.00599034 0 0
2.2253 0.00726015 0.00428112 0 0 
1.9635 0.00773492 0.00370085 0 0
1.70169 0.0034607 0.0040614 0 0 
1.4399 0.00983766 0.0039778 0 0
1.17809 0.00303639 0.0038601 0 0
0.916292 0.00689334 0.003936 0 0
0.654503 0.00618704 0.0038265 0 0
0.392699 0.00466212 0.0035257 0 0
-0.392699 0.0105612 0.00556839 0 0
-0.654503 0.00394862 0.00377841 0 0
-0.916292 0.0045775 0.00377839 0 0
-1.17809 -0.00258235 0.00370471 0 0
-1.4399 0.00661594 0.00395924 0 0
-1.70169 -0.00242382 0.00360291 0 0
-1.96349 0.0092968 0.00413471 0 0
-2.22529 -0.00182863 0.00377265 0 0
-2.48709 0.00295065 0.00410511 0 0
-2.74889 0.00606883 0.00362975 0 0
-3.01069 0.0122943 0.00340844 0 0
