3.01069 0.0105076 0.00908545 0 0
2.74889 0.0311484 0.0117868 0 0
2.48709 0.00180551 0.0137465 0 0
2.2253 0.000541426 0.0093692 0 0
1.9635 0.0309269 0.00823778 0 0
1.70169 0.0105788 0.00902307 0 0
1.4399 0.00673896 0.00850483 0 0
1.17809 0.00182779 0.00847459 0 0
0.916292 0.0119433 0.00862463 0 0
0.654503 -0.00674391 0.00801842 0 0
0.392699 -0.00255635 0.00756014 0 0
-0.392699 0.0316104 0.0125544 0 0
-0.654503 0.0160697 0.00858033 0 0
-0.916292 -0.00982919 0.00919711 0 0
-1.17809 0.0167227 0.00809926 0 0
-1.4399 0.0113113 0.00937623 0 0
-1.70169 -0.00222195 0.00884713 0 0
-1.96349 -0.0119026 0.00965162 0 0
-2.22529 0.000512593 0.00832644 0 0
-2.48709 0.00796181 0.00856185 0 0 
-2.74889 -0.00564969 0.00798166 0 0
-3.01069 0.00284245 0.00841553 0 0
