3.01069 0.0486289 0.00811545 0 0
2.74889 0.0589696 0.0103469 0 0
2.48709 0.0210027 0.0142273 0 0
2.2253 0.00575826 0.0121372 0 0
1.9635 -0.000190181 0.0122426 0 0
1.70169 0.0144437 0.0148842 0 0 
1.4399 -0.0117616 0.0193285 0 0
1.17809 -0.00992688 0.0136577 0 0
0.916292 -0.0101126 0.0139414 0 0
0.654503 -0.0127681 0.0159207 0 0
0.392699 0.0354205 0.0140239 0 0
-0.392699 -0.0184427 0.0320643 0 0
-0.654503 0.0252413 0.0145156 0 0
-0.916292 -0.0262016 0.013955 0 0
-1.17809 0.0328464 0.0126741 0 0
-1.4399 0.0275596 0.0144168 0 0
-1.70169 0.0220694 0.0143139 0 0
-1.96349 0.0278583 0.0156666 0 0
-2.22529 0.0242505 0.0135254 0 0
-2.48709 -0.0123752 0.0148522 0 0
-2.74889 0.0126038 0.01329 0 0
-3.01069 0.0225354 0.00856306 0 0
