3.01069 -0.0288066 0.0164441 0 0
2.74889 0.0518519 0.0213798 0 0
2.48709 -0.00421368 0.0223158 0 0
2.2253 0.0119831 0.0165543 0 0
1.9635 0.0045949 0.0150208 0 0
1.70169 0.0157523 0.0164537 0 0
1.4399 0.0142073 0.0153761 0 0
1.17809 0.0222741 0.0147306 0 0
0.916292 0.00748095 0.0144814 0 0
0.654503 -0.0212348 0.0139096 0 0
0.392699 -0.0193738 0.0132684 0 0
-0.392699 0.0144108 0.0275185 0 0
-0.654503 0.0190322 0.0151253 0 0
-0.916292 -0.00673522 0.015474 0 0
-1.17809 0.0291274 0.0146115 0 0
-1.4399 -0.00410698 0.0173865 0 0
-1.70169 0.0192138 0.0156962 0 0
-1.96349 0.00423832 0.0165293 0 0
-2.22529 -0.0190461 0.0140364 0 0
-2.48709 0.0255112 0.0152259 0 0
-2.74889 -0.0108138 0.0144988 0 0
-3.01069 0.0060298 0.0139423 0 0
