3.01069 22329 149.429 10963 104.704
2.74889 12341 111.09 6247 79.038
2.48709 6961 83.4326 3636 60.2993
2.2253 13639 116.786 7008 83.7138
1.9635 18251 135.096 8451 91.9293
1.70169 15156 123.11 7017 83.7675
1.4399 15797 125.686 7415 86.1104
1.17809 16778 129.53 7770 88.1476
0.916292 16136 127.028 8187 90.482
0.654503 17073 130.664 8373 91.5041
0.392699 20111 141.813 9904 99.5188
0.130894 1488 38.5746 988 31.4325
-0.130894 2660 51.5752 1523 39.0256
-0.392699 8061 89.7831 3015 54.909
-0.654503 17511 132.329 8194 90.5207
-0.916292 17511 132.329 8504 92.2171
-1.17809 18215 134.963 8448 91.913
-1.4399 15947 126.281 7371 85.8545
-1.70169 19259 138.777 8973 94.7259
-1.96349 14621 120.917 6854 82.7889
-2.22529 17565 132.533 9169 95.7549
-2.48709 14835 121.799 7119 84.3742
-2.74889 18974 137.746 8582 92.6391
-3.01069 21513 146.673 11077 105.247
