3.01069 0.0107646 0.00477481 0 0
2.74889 0.0216971 0.00632313 0 0
2.48709 0.00617291 0.00829171 0 0
2.2253 0.00454846 0.00597264 0 0
1.9635 0.0196188 0.00543689 0 0
1.70169 0.00676491 0.00596865 0 0
1.4399 0.00409632 0.00580643 0 0
1.17809 0.0127821 0.00567141 0 0
0.916292 0.0269364 0.00552197 0 0
0.654503 0.00410976 0.00546417 0 0
0.392699 0.0121425 0.00502346 0 0
-0.392699 0.00768747 0.00910548 0 0 
-0.654503 0.00816585 0.00552326 0 0
-0.916292 0.0154094 0.00542072 0 0
-1.17809 0.00660004 0.00543972 0 0
-1.4399 -0.000631004 0.00582383 0 0
-1.70169 -0.00520018 0.00527827 0 0
-1.96349 0.0148291 0.00603816 0 0
-2.22529 0.00091819 0.00522169 0 0
-2.48709 0.0093419 0.0059255 0 0
-2.74889 -0.00152463 0.0053973 0 0
-3.01069 0.00441431 0.00475063 0 0
