3.01069 2987 54.6535 985 31.3847
2.74889 1700 41.2311 494 22.2261
2.48709 1328 36.4417 510 22.5832
2.2253 2866 53.535 897 29.95
1.9635 3482 59.0085 1106 33.2566
1.70169 3028 55.0273 901 30.0167
1.4399 3435 58.6089 1035 32.1714
1.17809 3494 59.1101 1109 33.3017
0.916292 3305 57.4891 1183 34.3948
0.654503 3970 63.0079 1357 36.8375
0.392699 4429 66.5507 1486 38.5487
0.130894 142 11.9164 67 8.18535
-0.130894 514 22.6716 165 12.8452
-0.392699 1497 38.6911 323 17.9722
-0.654503 3311 57.5413 1059 32.5423
-0.916292 3036 55.0999 1066 32.6497
-1.17809 3711 60.918 1111 33.3317
-1.4399 2800 52.915 840 28.9828
-1.70169 3232 56.8507 983 31.3528
-1.96349 2768 52.6118 914 30.2324
-2.22529 3629 60.2412 1327 36.428
-2.48709 3381 58.1464 1031 32.1092
-2.74889 3998 63.2297 1224 34.9857
-3.01069 3536 59.4643 1280 35.7771
