3.01069 0.047053 0.00999793 0 0
2.74889 0.0425127 0.0137843 0 0
2.48709 0.0591444 0.0195884 0 0 
2.2253 0.00465868 0.0155415 0 0
1.9635 0.0183002 0.0157512 0 0
1.70169 -0.00640967 0.01981 0 0
1.4399 0.0181834 0.025474 0 0
1.17809 -0.00853944 0.0171689 0 0
0.916292 0.0605894 0.0171375 0 0
0.654503 -0.00492252 0.0198728 0 0
0.392699 0.00369158 0.0185057 0 0
-0.392699 -0.0379809 0.0368076 0 0
-0.654503 0.0300214 0.0176729 0 0
-0.916292 0.00369158 0.016713 0 0
-1.17809 0.021144 0.015876 0 0
-1.4399 -0.0163788 0.0187862 0 0
-1.70169 0.0394498 0.0181927 0 0
-1.96349 -0.0428451 0.0199634 0 0
-2.22529 -0.00335904 0.0172004 0 0
-2.48709 0.0530326 0.0175405 0 0
-2.74889 -0.0326873 0.0175712 0 0
-3.01069 0.0138138 0.0103233 0 0
