3.01069 0.0358866 0.00370883 0 0
2.74889 0.029555 0.00487293 0 0
2.48709 0.0151852 0.0053967 0 0
2.2253 0.0145521 0.00506889 0 0
1.9635 0.00697186 0.00460757 0 0
1.70169 0.00593092 0.00528471 0 0
1.4399 0.0180888 0.0056144 0 0
1.17809 0.00497501 0.00487201 0 0
0.916292 0.00373679 0.00475434 0 0
0.654503 0.0116688 0.00498815 0 0
0.392699 0.0139659 0.00472178 0 0
-0.392699 0.0250119 0.00866051 0 0
-0.654503 0.00536115 0.00487963 0 0
-0.916292 0.0191139 0.0045474 0 0
-1.17809 0.0165937 0.00467716 0 0
-1.4399 -0.00218963 0.00504973 0 0
-1.70169 0.0149877 0.00464277 0 0
-1.96349 0.0138442 0.00526831 0 0
-2.22529 0.0109997 0.00455246 0 0
-2.48709 0.0157942 0.00501107 0 0
-2.74889 -0.00217282 0.00462311 0 0
-3.01069 0.00852596 0.00411567 0 0
