-3.01069 13170.6 114.763 10733.6 103.603
-2.74889 11648.8 107.93 9085.08 95.3157
-2.48709 9759.73 98.7913 6570.32 81.0575
-2.22529 10083.5 100.416 9254.14 96.1984
-1.96349 9199.71 95.9151 6707.27 81.8979
-1.70169 12613.4 112.309 8571.48 92.5823
-1.4399 9537.2 97.6586 7892.18 88.8379
-1.17809 11547.6 107.46 8504.94 92.2222
-0.916292 10830.4 104.069 8074.33 89.8573
-0.654503 13773.4 117.36 5568.11 74.6198
-0.392699 5420.25 73.6224 3357.52 57.9441
-0.130894 519 22.7816 170 13.0384
0.130894 153 12.3693 57 7.54983
0.392699 11982.1 109.463 9930.56 99.6522
0.654503 12054.2 109.792 6407.71 80.0482
0.916292 9910.17 99.5498 7605.42 87.2091
1.17809 12788.2 113.085 5453.27 73.8463
1.4399 9253.83 96.1968 8164.79 90.3592
1.70169 10741.2 103.64 5961.08 77.208
1.9635 11198.8 105.824 8606.08 92.769
2.2253 9530.49 97.6243 5501.42 74.1716
2.48709 4997.68 70.6943 2643.48 51.4148
2.74889 6465.74 80.4098 7115.36 84.3526
3.01069 11499.7 107.237 13218.5 114.972
