-3.01069 909.392 30.1561 1663.65 40.7879
-2.74889 453.369 21.2925 461.735 21.488
-2.48709 347.851 18.6508 458.934 21.4227
-2.22529 399.101 19.9775 536.37 23.1597
-1.96349 260.85 16.1509 426.267 20.6462
-1.70169 432.612 20.7993 375.125 19.3681
-1.4399 291.691 17.079 517.036 22.7384
-1.17809 446.357 21.1272 582.461 24.1342
-0.916292 353.737 18.8079 551.291 23.4796
-0.654503 429.357 20.7209 383.503 19.5832
-0.392699 100.048 10.0024 94.0076 9.69575
-0.130894 519 22.7816 170 13.0384
0.130894 153 12.3693 57 7.54983
0.392699 354.125 18.8182 400.553 20.0138
0.654503 342.113 18.4963 337.229 18.3638
0.916292 480.146 21.9122 381.074 19.5211
1.17809 262.144 16.1909 634.728 25.1938
1.4399 156.569 12.5128 216.575 14.7165
1.70169 339.709 18.4312 351.935 18.7599
1.9635 399.52 19.988 675.516 25.9907
2.2253 501.934 22.4039 609.149 24.6809
2.48709 221.861 14.895 423.234 20.5726
2.74889 407.028 20.1749 909.37 30.1558
3.01069 1194.33 34.559 1453.66 38.1269
