-3.01069 2137.9 46.2375 1766.64 42.0314
-2.74889 2800.39 52.9187 1531.75 39.1376
-2.48709 2102.23 45.8501 1600.93 40.0117
-2.22529 2303.66 47.9965 1632.4 40.4029
-1.96349 1610.49 40.1309 1262.72 35.5347
-1.70169 2007.67 44.807 1482.5 38.5033
-1.4399 1786.15 42.2629 1278.09 35.7504
-1.17809 2477.72 49.7767 1484.56 38.53
-0.916292 1844.1 42.943 1326.18 36.4168
-0.654503 2042.29 45.1917 1584.16 39.8015
-0.392699 1120.52 33.4742 537.885 23.1923
-0.130894 519 22.7816 170 13.0384
0.130894 153 12.3693 57 7.54983
0.392699 2888.87 53.7482 1859.41 43.1209
0.654503 2586.47 50.8574 1623.46 40.2922
0.916292 2281.75 47.7676 1311.96 36.221
1.17809 2161.62 46.4932 1535.75 39.1886
1.4399 2376.44 48.7488 1353.03 36.7836
1.70169 1844.12 42.9433 1438.83 37.932
1.9635 2471.47 49.7139 1429.64 37.8105
2.2253 1791.85 42.3303 1234.45 35.1348
2.48709 712.998 26.702 728.601 26.9926
2.74889 1409.36 37.5414 499.782 22.3558
3.01069 2622.83 51.2136 712.131 26.6858
