-3.01069 8391.9 91.6073 14905.3 122.087
-2.74889 7548.15 86.8801 11245.4 106.044
-2.48709 7678.95 87.6296 8607.25 92.7753
-2.22529 8889.84 94.2859 9321.23 96.5465
-1.96349 6569.12 81.0501 7881.48 88.7777
-1.70169 8125.5 90.1416 10070.2 100.351
-1.4399 6957.12 83.4093 9117.88 95.4876
-1.17809 7481.56 86.496 10928 104.537
-0.916292 9591.31 97.9352 9427.84 97.0971
-0.654503 6795.96 82.4376 10274 101.361
-0.392699 4208.61 64.8738 1929.23 43.923
-0.130894 519 22.7816 170 13.0384
0.130894 153 12.3693 57 7.54983
0.392699 7797.59 88.304 9071.93 95.2467
0.654503 6127.32 78.2772 9168.22 95.7508
0.916292 7682.17 87.648 9489.39 97.4135
1.17809 6182.84 78.631 10357.3 101.771
1.4399 4342.36 65.8966 7686.07 87.6702
1.70169 6233.01 78.9494 8365.95 91.4656
1.9635 7244.04 85.112 10987.4 104.821
2.2253 5796.56 76.1351 8882.99 94.2496
2.48709 3240.47 56.9251 6361.79 79.7608
2.74889 4158.19 64.484 10419.8 102.077
3.01069 6939.63 83.3045 19183.5 138.504
