-3.01069 13258.8 115.147 10897.8 104.393
-2.74889 11604.5 107.724 9281.6 96.3411
-2.48709 9872.73 99.3616 6630.86 81.4301
-2.22529 10360.2 101.785 9217.87 96.0098
-1.96349 9332.33 96.604 6657.93 81.5961
-1.70169 12881.5 113.497 8789.3 93.7513
-1.4399 9680.83 98.3912 7985.07 89.3592
-1.17809 11409.8 106.817 8778.66 93.6945
-0.916292 11218.1 105.916 8307.58 91.1459
-0.654503 13754.7 117.28 5702.38 75.5141
-0.392699 5562.45 74.5819 3393.01 58.2496
-0.130894 519 22.7816 170 13.0384
0.130894 153 12.3693 57 7.54983
0.392699 11854.4 108.878 10466.4 102.306
0.654503 12337.7 111.075 6591.28 81.1867
0.916292 10305 101.514 7932.82 89.0664
1.17809 13318.6 115.406 5613.74 74.9249
1.4399 8921.76 94.4551 8464.96 92.0052
1.70169 11105.3 105.382 5896.5 76.7887
1.9635 11390.9 106.728 8813.45 93.88
2.2253 9488.97 97.4113 5676.03 75.3394
2.48709 4981.16 70.5773 2733.18 52.2798
2.74889 6112.57 78.1829 7659.52 87.5187
3.01069 11287.9 106.244 13936.9 118.055
