-3.01069 8282.47 91.0081 15443.2 124.271
-2.74889 7425.86 86.1735 11598.9 107.698
-2.48709 7332.55 85.6303 8885.57 94.2633
-2.22529 8563.45 92.5389 9388.99 96.8968
-1.96349 6607.37 81.2857 8015.4 89.5288
-1.70169 8275.09 90.9675 10184.1 100.916
-1.4399 7036.56 83.8842 9047.88 95.1203
-1.17809 7523.63 86.7389 11178.2 105.727
-0.916292 9434.05 97.129 9710.72 98.543
-0.654503 7051.4 83.9726 10478.6 102.365
-0.392699 4142.9 64.3654 1992.08 44.6327
-0.130894 519 22.7816 170 13.0384
0.130894 153 12.3693 57 7.54983
0.392699 7796.79 88.2994 9591.71 97.9373
0.654503 6549.84 80.9311 9346.32 96.6764
0.916292 7928.18 89.0403 9629.51 98.1301
1.17809 6529.2 80.8035 10542.1 102.675
1.4399 4647.36 68.1716 7961.01 89.2245
1.70169 6205.36 78.7741 8464.9 92.0049
1.9635 7465.6 86.4037 11249.1 106.062
2.2253 5809.45 76.2198 9019.05 94.9687
2.48709 3364.66 58.0057 6405.38 80.0336
2.74889 4362.62 66.0501 10855.3 104.189
3.01069 7111.99 84.3326 20203.3 142.138
