-3.01069 932.581 30.5382 1658.24 40.7215
-2.74889 420.994 20.5181 489.111 22.1158
-2.48709 331.463 18.2061 476.914 21.8384
-2.22529 364.396 19.0892 550.963 23.4726
-1.96349 247.846 15.7431 470.599 21.6933
-1.70169 404.347 20.1084 379.249 19.4743
-1.4399 279.835 16.7283 507.04 22.5175
-1.17809 479.82 21.9048 590.875 24.3079
-0.916292 437.437 20.915 562.401 23.715
-0.654503 493.689 22.2191 393.376 19.8337
-0.392699 115.271 10.7365 87.5027 9.35429
-0.130894 519 22.7816 170 13.0384
0.130894 153 12.3693 57 7.54983
0.392699 365.872 19.1278 436.585 20.8946
0.654503 355.35 18.8507 364.095 19.0813
0.916292 511.3 22.6119 379.049 19.4692
1.17809 301.034 17.3503 673.069 25.9436
1.4399 197.236 14.0441 224.53 14.9843
1.70169 356.06 18.8695 348 18.6547
1.9635 364.661 19.0961 724.608 26.9185
2.2253 477.455 21.8507 659.875 25.688
2.48709 247.898 15.7448 439.987 20.9759
2.74889 424.996 20.6154 1024.75 32.0117
3.01069 1196.28 34.5873 1465.92 38.2874
