-3.01069 0.00467425 0.0119968 0.0180922 0.0217083
-2.74889 -0.00466703 0.0113421 0.0180922 0.0213534
-2.48709 0.00217096 0.0122336 0.0180925 0.0218403
-2.22529 -0.000992676 0.0118587 0.0180925 0.0216326
-1.96349 0.031271 0.0136245 0.0180749 0.0226346
-1.70169 0.00156191 0.0125708 0.0180925 0.022031
-1.4399 -0.00436368 0.0134024 0.0180922 0.0225156
-1.17809 0.0214279 0.0116318 0.0180842 0.0215021
-0.916292 0.0191947 0.013009 0.0180859 0.0222785
-0.654503 0.00840266 0.0123098 0.0180913 0.0218821
-0.392699 0.00402491 0.0180851 0.0180923 0.0255813
0.392699 -0.00202808 0.0107707 0.0180925 0.0210558
0.654503 0.00798285 0.0113864 0.0180914 0.0213764
0.916292 -0.00477833 0.0123471 0.0180921 0.0219038
1.17809 0.0205867 0.0120702 0.0180849 0.0217429
1.4399 -0.0033073 0.0121462 0.0180924 0.0217914
1.70169 0.0102496 0.0128983 0.0180907 0.0222179
1.9635 -0.00105284 0.0119204 0.0180925 0.0216665
2.2253 0.0183238 0.0133165 0.0180865 0.02246
2.48709 -0.00475637 0.0194843 0.0180921 0.0265888
2.74889 0.014399 0.016981 0.0180888 0.0248105
3.01069 0.00650295 0.0129863 0.0180918 0.0222701
