-3.01069 5119 71.5472 6096 78.0769
-2.74889 2278 47.7284 2944 54.2586
-2.48709 2065 45.4423 2433 49.3254
-2.22529 2302 47.9792 2934 54.1664
-1.96349 1762 41.9762 2179 46.6798
-1.70169 2042 45.1885 2504 50.04
-1.4399 1961 44.2832 2424 49.2341
-1.17809 2585 50.8429 3153 56.1516
-0.916292 2379 48.775 2894 53.7959
-0.654503 2131 46.1628 2536 50.3587
-0.392699 557 23.6008 572 23.9165
-0.130894 1587 39.8372 1692 41.1339
0.130894 396 19.8997 610 24.6982
0.392699 2091 45.7275 2691 51.8748
0.654503 1755 41.8927 2227 47.1911
0.916292 2240 47.3286 2704 52
1.17809 2244 47.3709 2834 53.2353
1.4399 1036 32.187 1459 38.1969
1.70169 1721 41.4849 2273 47.676
1.9635 2583 50.8232 3354 57.9137
2.2253 2445 49.4469 3341 57.8014
2.48709 1470 38.3406 2468 49.679
2.74889 2906 53.9073 4127 64.2417
3.01069 5160 71.8331 6537 80.8517
