-3.01069 10395 101.956 8803 93.8243
-2.74889 9889 99.4435 7086 84.1784
-2.48709 7686 87.6698 5786 76.0658
-2.22529 8925 94.4722 6844 82.7285
-1.96349 7412 86.093 5495 74.1283
-1.70169 8826 93.9468 6281 79.2528
-1.4399 7922 89.0056 5881 76.6877
-1.17809 9456 97.242 6552 80.9444
-0.916292 8533 92.3742 6012 77.5371
-0.654503 8792 93.7657 6488 80.5481
-0.392699 3956 62.8967 2584 50.8331
-0.130894 1270 35.6371 1308 36.1663
0.130894 559 23.6432 640 25.2982
0.392699 10507 102.504 7533 86.7929
0.654503 9159 95.7027 6693 81.8108
0.916292 7817 88.4138 5976 77.3046
1.17809 8372 91.4986 6023 77.608
1.4399 7329 85.6096 5735 75.7298
1.70169 7832 88.4986 6072 77.923
1.9635 9136 95.5824 6436 80.2247
2.2253 7220 84.9706 5409 73.5459
2.48709 3246 56.9737 2531 50.309
2.74889 5726 75.6703 4791 69.217
3.01069 10049 100.245 8389 91.5915
