-3.01069 0.0107667 0.0100328 0.0180905 0.0206863
-2.74889 -0.00273326 0.0148419 0.0180924 0.0234012
-2.48709 0.0201633 0.0157526 0.0180852 0.0239837
-2.22529 -0.00201406 0.0147704 0.0180925 0.023356
-1.96349 0.00043577 0.0168813 0.0180925 0.0247451
-1.70169 0.013567 0.0157915 0.0180892 0.0240123
-1.4399 0.0082565 0.0160705 0.0180913 0.0241983
-1.17809 -0.00338421 0.0139384 0.0180923 0.0228388
-0.916292 0.0211221 0.0146936 0.0180845 0.0233013
-0.654503 0.0233147 0.0155317 0.0180827 0.0238373
-0.392699 0.0457869 0.0305718 0.0180546 0.035505
0.392699 0.0439306 0.0158218 0.0180576 0.0240085
0.654503 0.021769 0.0170876 0.018084 0.02488
0.916292 0.0307813 0.0152042 0.0180754 0.0236196
1.17809 0.0221288 0.0151313 0.0180837 0.0235792
1.4399 0.024859 0.0222343 0.0180814 0.0286583
1.70169 0.0131706 0.017185 0.0180894 0.0249509
1.9635 0.0224029 0.0141165 0.0180835 0.0229409
2.2253 -0.00343947 0.0143267 0.0180923 0.0230779
2.48709 0.0160253 0.0186084 0.0180879 0.0259508
2.74889 0.0501754 0.0134815 0.018047 0.0225265
3.01069 0.0116996 0.00999822 0.0180901 0.0206692
