-3.01069 0.0118299 0.00705593 0.01809 0.0194174
-2.74889 0.0186958 0.00775133 0.0180862 0.0196773
-2.48709 0.00135686 0.0082919 0.0180925 0.0199021
-2.22529 -0.00285416 0.00773804 0.0180924 0.0196777
-1.96349 0.0188835 0.00863151 0.0180861 0.0200402
-1.70169 0.0201117 0.0080861 0.0180852 0.0198106
-1.4399 -0.00857178 0.00851414 0.0180912 0.0199946
-1.17809 0.0196714 0.00779315 0.0180856 0.0196932
-0.916292 0.0159463 0.00768321 0.018088 0.0196521
-0.654503 0.024063 0.00821119 0.0180821 0.0198591
-0.392699 -0.0063276 0.0138599 0.0180918 0.0227906
0.392699 0.0202672 0.00809345 0.0180851 0.0198135
0.654503 0.0346632 0.0084409 0.0180708 0.019945
0.916292 0.0200363 0.00805127 0.0180853 0.0197965
1.17809 0.0280006 0.00826063 0.0180784 0.0198763
1.4399 0.0196771 0.0103928 0.0180855 0.020859
1.70169 0.0121233 0.00889871 0.0180899 0.0201601
1.9635 0.0259532 0.00776787 0.0180804 0.0196784
2.2253 0.000483727 0.00850002 0.0180925 0.0199898
2.48709 0.0201065 0.01043 0.0180852 0.0208773
2.74889 0.014726 0.00867327 0.0180886 0.0200605
3.01069 0.0275047 0.00672311 0.0180789 0.0192885
