-3.01069 0.0218592 0.00926176 0.0180839 0.0203177
-2.74889 0.0122029 0.0131712 0.0180899 0.0223768
-2.48709 0.0192684 0.014519 0.0180858 0.0231927
-2.22529 0.00964063 0.0131773 0.0180909 0.0223813
-1.96349 0.0366366 0.0154533 0.0180683 0.0237754
-1.70169 -0.00187213 0.0141699 0.0180925 0.022981
-1.4399 0.00364397 0.0144381 0.0180923 0.0231472
-1.17809 0.0173599 0.0127642 0.0180871 0.0221375
-0.916292 0.0215383 0.0133408 0.0180842 0.0224725
-0.654503 0.0245795 0.0142593 0.0180816 0.0230276
-0.392699 0.013492 0.0297319 0.0180893 0.0348024
0.392699 0.0357036 0.0139165 0.0180695 0.0228073
0.654503 0.0206399 0.015178 0.0180848 0.02361
0.916292 0.000989666 0.0136616 0.0180925 0.0226711
1.17809 0.034653 0.013559 0.0180708 0.0225921
1.4399 0.0324967 0.0188194 0.0180734 0.0260925
1.70169 0.00709975 0.0149296 0.0180916 0.0234564
1.9635 0.0252104 0.0124263 0.0180811 0.0219394
2.2253 0.0422445 0.0125436 0.0180603 0.021989
2.48709 0.0247174 0.014453 0.0180815 0.023148
2.74889 0.0444745 0.011317 0.0180568 0.0213101
3.01069 0.0148729 0.00892455 0.0180885 0.0201704
