-3.01069 0.00645073 0.00710053 0.0180918 0.0194353
-2.74889 0.0138415 0.00724491 0.0180891 0.019486
-2.48709 0.0281752 0.00811552 0.0180782 0.0198162
-2.22529 0.0166295 0.00759839 0.0180875 0.0196187
-1.96349 0.016209 0.00831021 0.0180878 0.0199055
-1.70169 0.0147678 0.00764632 0.0180886 0.0196383
-1.4399 0.0108212 0.00806979 0.0180904 0.0198087
-1.17809 0.00551953 0.00743206 0.018092 0.019559
-0.916292 0.0156841 0.00776757 0.0180881 0.0196854
-0.654503 0.0192989 0.00764288 0.0180858 0.0196344
-0.392699 0.0109538 0.0113127 0.0180904 0.0213363
0.392699 0.0115737 0.00704663 0.0180901 0.0194141
0.654503 0.0102114 0.00752899 0.0180907 0.0195948
0.916292 0.0343368 0.00802341 0.0180712 0.0197723
1.17809 0.0297086 0.00778229 0.0180766 0.0196806
1.4399 0.00664872 0.00839574 0.0180918 0.0199449
1.70169 0.0135322 0.00810328 0.0180892 0.0198213
1.9635 0.00800146 0.00754631 0.0180914 0.0196022
2.2253 0.00826229 0.00844995 0.0180913 0.0199674
2.48709 0.00498222 0.0125055 0.0180921 0.0219934
2.74889 0.000729314 0.00949072 0.0180925 0.0204307
3.01069 0.0135503 0.00719075 0.0180892 0.019466
