-3.01069 18616 136.44 15632 125.028
-2.74889 16152 127.091 12104 110.018
-2.48709 13293 115.295 10283 101.405
-2.22529 15123 122.976 12423 111.459
-1.96349 12269 110.766 9476 97.3447
-1.70169 17938 133.933 13989 118.275
-1.4399 14174 119.055 11047 105.105
-1.17809 15528 124.611 11642 107.898
-0.916292 15909 126.131 12138 110.173
-0.654503 15467 124.366 11678 108.065
-0.392699 6776 82.3165 4941 70.2922
-0.130894 2401 49 2375 48.734
0.130894 1737 41.6773 1919 43.8064
0.392699 15783 125.63 12492 111.768
0.654503 13541 116.366 10749 103.677
0.916292 14576 120.731 11594 107.675
1.17809 14507 120.445 11129 105.494
1.4399 14071 118.621 10854 104.183
1.70169 13005 114.039 10191 100.95
1.9635 15601 124.904 12130 110.136
2.2253 11060 105.167 9504 97.4885
2.48709 6790 82.4015 6150 78.4219
2.74889 11348 106.527 10132 100.658
3.01069 21225 145.688 18476 135.926
