-3.01069 0.016012 0.00538047 0.0180879 0.0188712
-2.74889 0.00485994 0.00577544 0.0180921 0.0189916
-2.48709 -0.0106018 0.00637142 0.0180905 0.0191797
-2.22529 0.000324262 0.00596773 0.0180925 0.0190514
-1.96349 0.00626105 0.00656447 0.0180918 0.019246
-1.70169 0.0074815 0.00549539 0.0180915 0.0189078
-1.4399 0.00699697 0.00613167 0.0180917 0.0191025
-1.17809 0.0145884 0.00585458 0.0180887 0.0190126
-0.916292 0.0161376 0.00578464 0.0180878 0.0189903
-0.654503 0.0049651 0.00589261 0.0180921 0.0190275
-0.392699 0.0121442 0.0086964 0.0180899 0.0200717
0.392699 0.0150196 0.00580921 0.0180885 0.0189984
0.654503 0.0218025 0.0062188 0.018084 0.0191234
0.916292 0.0122315 0.0060367 0.0180898 0.0190705
1.17809 0.0106694 0.00605469 0.0180905 0.0190768
1.4399 0.0128153 0.00613528 0.0180896 0.0191017
1.70169 0.00471269 0.00639143 0.0180921 0.0191879
1.9635 0.0170182 0.00583488 0.0180873 0.0190052
2.2253 0.0175257 0.00685657 0.018087 0.019343
2.48709 0.00504229 0.00871859 0.0180921 0.0200833
2.74889 0.0214807 0.00675997 0.0180842 0.0193064
3.01069 0.0211003 0.00505575 0.0180845 0.0187779
