-3.01069 10626 103.082 8300 91.1043
-2.74889 8786 93.7337 7169 84.6699
-2.48709 7511 86.666 5980 77.3305
-2.22529 8635 92.9247 7128 84.4275
-1.96349 7030 83.8451 5559 74.5587
-1.70169 8057 89.7608 6451 80.3181
-1.4399 7040 83.9047 5711 75.5712
-1.17809 8696 93.2523 6771 82.2861
-0.916292 8926 94.4775 7138 84.4867
-0.654503 7833 88.5042 6189 78.6702
-0.392699 2607 51.0588 1995 44.6654
-0.130894 2575 50.7445 1675 40.9268
0.130894 1304 36.1109 1257 35.4542
0.392699 8043 89.6828 6865 82.8553
0.654503 7469 86.4234 6078 77.9615
0.916292 8129 90.161 6681 81.7374
1.17809 7764 88.1136 6120 78.2304
1.4399 4803 69.3037 4180 64.6529
1.70169 6559 80.9877 5305 72.8354
1.9635 8806 93.8403 7036 83.8809
2.2253 7129 84.4334 5869 76.6094
2.48709 4770 69.0652 5724 75.6571
2.74889 6933 83.2646 6240 78.9937
3.01069 11938 109.261 10654 103.218
