3.01069 25344 159.198 13479 116.099
2.74889 13453 115.987 7661 87.5271
2.48709 7932 89.0618 4748 68.9057
2.2253 13084 114.385 7275 85.2936
1.9635 18183 134.844 9262 96.2393
1.70169 14954 122.287 7586 87.0976
1.4399 16419 128.137 8189 90.4931
1.17809 16857 129.835 8442 91.8804
0.916292 17051 130.579 8873 94.1966
0.654503 15679 125.216 8301 91.1098
0.392699 18531 136.129 9636 98.1631
0.130894 2074 45.5412 1523 39.0256
-0.130894 3081 55.5068 1694 41.1582
-0.392699 7957 89.202 3521 59.338
-0.654503 17844 133.581 8748 93.5307
-0.916292 18504 136.029 9255 96.2029
-1.17809 18178 134.826 8919 94.4405
-1.4399 16430 128.18 8223 90.6808
-1.70169 20746 144.035 10655 103.223
-1.96349 14201 119.168 6989 83.6002
-2.22529 17309 131.564 9536 97.6524
-2.48709 15036 122.621 7793 88.278
-2.74889 18523 136.099 9283 96.3483
-3.01069 22131 148.765 11990 109.499
