3.01069 5840 76.4199 6102 78.1153
2.74889 3145 56.0803 3801 61.6523
2.48709 1664 40.7922 2249 47.4236
2.2253 2722 52.1728 2964 54.4426
1.9635 2763 52.5642 3005 54.8179
1.70169 1871 43.2551 2079 45.5961
1.4399 1115 33.3916 1291 35.9305
1.17809 2404 49.0306 2529 50.2892
0.916292 2443 49.4267 2474 49.7393
0.654503 1882 43.382 1990 44.6094
0.392699 2199 46.8935 2445 49.4469
0.130894 418 20.445 531 23.0434
-0.130894 1692 41.1339 1493 38.6394
-0.392699 575 23.9792 511 22.6053
-0.654503 2303 47.9896 2313 48.0937
-0.916292 2542 50.4183 2562 50.6162
-1.17809 2847 53.3573 2849 53.376
-1.4399 2170 46.5833 2244 47.3709
-1.70169 2203 46.9361 2355 48.5283
-1.96349 1911 43.715 1919 43.8064
-2.22529 2514 50.1398 2748 52.4214
-2.48709 2267 47.613 2181 46.7012
-2.74889 2453 49.5278 2648 51.4587
-3.01069 5689 75.4255 5403 73.5051
