3.01069 0.00766082 0.0159209 0 0.0159209
2.74889 0.042352 0.021822 0 0.021822
2.48709 0.00602959 0.0242532 0 0.0242532
2.2253 0.00360016 0.0180335 0 0.0180335
1.9635 0.00884636 0.0161055 0 0.0161055
1.70169 0.00861475 0.0167454 0 0.0167454
1.4399 -0.00402387 0.0159579 0 0.0159579
1.17809 0.00488245 0.0159435 0 0.0159435
0.916292 -0.0229907 0.0161656 0 0.0161656
0.654503 -0.00656162 0.0154581 0 0.0154581
0.392699 -0.01261 0.0146405 0 0.0146405
-0.392699 -0.0111191 0.0255896 0 0.0255896
-0.654503 0.00857755 0.0160951 0 0.0160951
-0.916292 -0.0055086 0.0176228 0 0.0176228
-1.17809 0.0278288 0.016356 0 0.016356
-1.4399 -0.0171546 0.0176951 0 0.0176951
-1.70169 0.0205808 0.0167024 0 0.0167024
-1.96349 -0.00278304 0.0184998 0 0.0184998
-2.22529 -0.00872902 0.0154708 0 0.0154708
-2.48709 0.0152161 0.0165028 0 0.0165028
-2.74889 -0.0368388 0.0153861 0 0.0153861
-3.01069 -0.00494779 0.0142237 0 0.0142237
