3.01069 0.0397286 0.00942148 0 0.00942148
2.74889 0.0257529 0.0127576 0 0.0127576
2.48709 0.0384051 0.0176392 0 0.0176392
2.2253 0.0117171 0.0136226 0 0.0136226
1.9635 -0.00514879 0.0134089 0 0.0134089
1.70169 0.0021261 0.0163542 0 0.0163542
1.4399 0.0062809 0.0212282 0 0.0212282
1.17809 -0.00446619 0.0143802 0 0.0143802
0.916292 0.0295213 0.0144999 0 0.0144999
0.654503 0.00854872 0.0163578 0 0.0163578
0.392699 0.00796135 0.0151286 0 0.0151286
-0.392699 -0.00127816 0.0294502 0 0.0294502
-0.654503 0.0156375 0.0148379 0 0.0148379
-0.916292 0.00487683 0.0140498 0 0.0140498
-1.17809 0.00396505 0.01327 0 0.01327
-1.4399 0.0177168 0.0153009 0 0.0153009
-1.70169 -0.0016181 0.0150434 0 0.0150434
-1.96349 -0.00800761 0.0160997 0 0.0160997
-2.22529 -0.00871771 0.0140317 0 0.0140317
-2.48709 0.0308412 0.0150612 0 0.0150612
-2.74889 -0.0217753 0.0141085 0 0.0141085
-3.01069 0.0136011 0.00943173 0 0.00943173
