3.01069 13224 114.996 8526 92.3363
2.74889 7915 88.9663 5053 71.0845
2.48709 5320 72.9383 4913 70.0928
2.2253 7962 89.23 4688 68.469
1.9635 9574 97.8468 5659 75.2263
1.70169 7186 84.7703 4218 64.9461
1.4399 5237 72.3671 3408 58.3781
1.17809 8413 91.7224 4866 69.7567
0.916292 8929 94.4934 5322 72.952
0.654503 8125 90.1388 4820 69.4262
0.392699 8791 93.7603 5475 73.9932
0.130894 1450 38.0789 1017 31.8904
-0.130894 2831 53.2071 1243 35.2562
-0.392699 2989 54.6717 1507 38.8201
-0.654503 8544 92.4338 4878 69.8427
-0.916292 9803 99.0101 5778 76.0132
-1.17809 9622 98.0918 5448 73.8106
-1.4399 7859 88.651 4537 67.3573
-1.70169 8806 93.8403 5177 71.9514
-1.96349 7695 87.7211 4460 66.7832
-2.22529 9698 98.4784 5793 76.1118
-2.48709 8423 91.7769 4793 69.2315
-2.74889 9591 97.9337 5607 74.8799
-3.01069 11848 108.849 6685 81.7618
