3.01069 11790 108.582 6461 80.3803
2.74889 6625 81.3941 3665 60.5392
2.48709 3734 61.1065 2001 44.7325
2.2253 8281 91 4270 65.3452
1.9635 10452 102.235 5038 70.9789
1.70169 9208 95.9583 4651 68.1982
1.4399 8511 92.2551 4492 67.0224
1.17809 9824 99.1161 4644 68.1469
0.916292 9248 96.1665 4670 68.3374
0.654503 10525 102.591 5277 72.643
0.392699 11950 109.316 5786 76.0658
0.130894 700 26.4575 527 22.9565
-0.130894 1532 39.1408 1027 32.0468
-0.392699 4551 67.4611 1881 43.3705
-0.654503 10158 100.787 4997 70.6895
-0.916292 9746 98.7218 4705 68.593
-1.17809 10791 103.88 5081 71.2811
-1.4399 9123 95.5144 4506 67.1267
-1.70169 10268 101.331 4745 68.884
-1.96349 8515 92.2768 4155 64.4593
-2.22529 10408 102.02 5412 73.5663
-2.48709 9014 94.9421 4424 66.5132
-2.74889 11382 106.686 5501 74.1687
-3.01069 12067 109.85 6831 82.6499
