3.01069 0.0103249 0.0119527 0 0.0119527
2.74889 0.0260265 0.0157118 0 0.0157118
2.48709 -0.0132443 0.0179915 0 0.0179915
2.2253 0.00178282 0.0123705 0 0.0123705
1.9635 0.0274482 0.0110708 0 0.0110708
1.70169 0.0111401 0.0119271 0 0.0119271
1.4399 0.00818343 0.0112708 0 0.0112708
1.17809 0.00258256 0.01122 0 0.01122
0.916292 0.00594296 0.0114883 0 0.0114883
0.654503 -0.00930506 0.0106336 0 0.0106336
0.392699 -0.00753659 0.0100345 0 0.0100345
-0.392699 0.0308917 0.0167728 0 0.0167728
-0.654503 0.0152721 0.0114164 0 0.0114164
-0.916292 -0.0132977 0.0121522 0 0.0121522
-1.17809 0.015168 0.0108769 0 0.0108769
-1.4399 0.0060039 0.0124903 0 0.0124903
-1.70169 -0.00167108 0.0116678 0 0.0116678
-1.96349 -0.0131926 0.0126995 0 0.0126995
-2.22529 -0.00414342 0.0110227 0 0.0110227
-2.48709 0.00952877 0.0113225 0 0.0113225
-2.74889 -0.0116953 0.0105484 0 0.0105484
-3.01069 0.00364449 0.0110522 0 0.0110522
