3.01069 0.0437745 0.00923334 0 0.00923334
2.74889 0.0498723 0.0117294 0 0.0117294
2.48709 0.0134747 0.0149994 0 0.0149994
2.2253 0.01761 0.0130915 0 0.0130915
1.9635 0.0119172 0.0129666 0 0.0129666
1.70169 0.0110371 0.0155823 0 0.0155823
1.4399 -0.00483487 0.0196193 0 0.0196193
1.17809 0.0161709 0.014163 0 0.014163
0.916292 0.00152589 0.014218 0 0.014218
0.654503 -0.00168227 0.0158275 0 0.0158275
0.392699 0.0320982 0.0145109 0 0.0145109
-0.392699 -0.0025749 0.0312197 0 0.0312197
-0.654503 0.0250008 0.0148709 0 0.0148709
-0.916292 -0.00719026 0.0139105 0 0.0139105
-1.17809 0.0180971 0.0133561 0 0.0133561
-1.4399 0.016708 0.0150393 0 0.0150393
-1.70169 0.0214661 0.0147135 0 0.0147135
-1.96349 0.0078802 0.0161941 0 0.0161941
-2.22529 0.033435 0.0136959 0 0.0136959
-2.48709 0.0001788 0.0151327 0 0.0151327
-2.74889 -0.00337464 0.0137093 0 0.0137093
-3.01069 0.0105699 0.00966401 0 0.00966401
