3.01069 0.0195596 0.00645186 0 0.00645186
2.74889 0.0287743 0.00856403 0 0.00856403
2.48709 0.0104785 0.0115182 0 0.0115182
2.2253 0.00625041 0.00775161 0 0.00775161
1.9635 0.00499371 0.00690431 0 0.00690431
1.70169 -0.00309405 0.00738577 0 0.00738577
1.4399 0.00325866 0.0076578 0 0.0076578
1.17809 0.00162903 0.00713366 0 0.00713366
0.916292 0.00159401 0.00735254 0 0.00735254
0.654503 -0.00599793 0.00691822 0 0.00691822
0.392699 0.0108964 0.00643767 0 0.00643767
-0.392699 0.0100363 0.0104357 0 0.0104357
-0.654503 0.0073416 0.00699511 0 0.00699511
-0.916292 0.00321836 0.0071564 0 0.0071564
-1.17809 -0.00333133 0.00682346 0 0.00682346
-1.4399 0.00405657 0.00739354 0 0.00739354
-1.70169 -0.00544167 0.00700234 0 0.00700234
-1.96349 0.00803117 0.00763742 0 0.00763742
-2.22529 -0.00520403 0.0069543 0 0.0069543
-2.48709 0.000324306 0.0074521 0 0.0074521
-2.74889 -0.000216133 0.00663366 0 0.00663366
-3.01069 0.0155782 0.00639079 0 0.00639079
