3.01069 0.0218827 0.00439563 0 0.00439563
2.74889 0.0227808 0.00602967 0 0.00602967
2.48709 0.0140196 0.00788861 0 0.00788861
2.2253 0.00342114 0.00617596 0 0.00617596
1.9635 0.00633068 0.00523144 0 0.00523144
1.70169 0.0162439 0.005739 0 0.005739
1.4399 0.00821898 0.00549991 0 0.00549991
1.17809 0.00463479 0.00543795 0 0.00543795
0.916292 0.00144103 0.00541565 0 0.00541565
0.654503 0.0118001 0.00561779 0 0.00561779
0.392699 -0.00244085 0.00520505 0 0.00520505
-0.392699 0.0057031 0.00791004 0 0.00791004
-0.654503 0.00191184 0.00529272 0 0.00529272
-0.916292 -0.00206535 0.00520786 0 0.00520786
-1.17809 -0.00381866 0.00525892 0 0.00525892
-1.4399 0.00809432 0.00549842 0 0.00549842
-1.70169 0.00444708 0.00490246 0 0.00490246
-1.96349 0.000971539 0.0059355 0 0.0059355
-2.22529 0.00623906 0.00536212 0 0.00536212
-2.48709 0.0104181 0.00574071 0 0.00574071
-2.74889 0.00535641 0.0051858 0 0.0051858
-3.01069 0.00519463 0.00474484 0 0.00474484
