3.01069 12898 113.569 8041 89.6716
2.74889 7363 85.8079 4736 68.8186
2.48709 5225 72.2842 4739 68.8404
2.2253 7906 88.9157 4658 68.2495
1.9635 9510 97.5192 5501 74.1687
1.70169 7207 84.8941 4214 64.9153
1.4399 5296 72.7736 3360 57.9655
1.17809 8440 91.8695 4895 69.9643
0.916292 8757 93.5788 5277 72.643
0.654503 7912 88.9494 4761 69
0.392699 8734 93.4559 5309 72.8629
0.130894 1471 38.3536 970 31.1448
-0.130894 2737 52.3163 1119 33.4515
-0.392699 2861 53.4883 1451 38.092
-0.654503 8398 91.6406 4875 69.8212
-0.916292 9641 98.1886 5495 74.1283
-1.17809 9301 96.4417 5270 72.5948
-1.4399 7947 89.1459 4643 68.1396
-1.70169 8595 92.7092 5090 71.3442
-1.96349 7591 87.1263 4428 66.5432
-2.22529 9502 97.4782 5803 76.1774
-2.48709 8231 90.7249 4639 68.1102
-2.74889 9538 97.6627 5642 75.1132
-3.01069 11548 107.462 6470 80.4363
