3.01069 0.0318574 0.00865743 0 0.00865743
2.74889 0.0368483 0.0114628 0 0.0114628
2.48709 -0.0193348 0.0159676 0 0.0159676
2.2253 0.00783834 0.0107858 0 0.0107858
1.9635 0.00626149 0.00993778 0 0.00993778
1.70169 0.0067765 0.0103402 0 0.0103402
1.4399 -0.0173863 0.0106476 0 0.0106476
1.17809 0.0201274 0.0102763 0 0.0102763
0.916292 0.0101319 0.0103014 0 0.0103014
0.654503 -0.000194565 0.00974187 0 0.00974187
0.392699 0.0155495 0.00922883 0 0.00922883
-0.392699 0.0118444 0.0162168 0 0.0162168
-0.654503 0.0091664 0.00996363 0 0.00996363
-0.916292 0.0132933 0.0102462 0 0.0102462
-1.17809 -0.000549464 0.00992972 0 0.00992972
-1.4399 -0.00056619 0.0105443 0 0.0105443
-1.70169 0.00999385 0.0102204 0 0.0102204
-1.96349 0.00682873 0.0109397 0 0.0109397
-2.22529 -0.00182732 0.00962745 0 0.00962745
-2.48709 0.0198479 0.0105302 0 0.0105302
-2.74889 -0.0103546 0.00958936 0 0.00958936
-3.01069 -0.0086564 0.00859835 0 0.00859835
