3.01069 0.0247608 0.00601746 0 0.00601746
2.74889 0.0181985 0.00800931 0 0.00800931
2.48709 0.00884875 0.0102232 0 0.0102232
2.2253 0.0127382 0.00824256 0 0.00824256
1.9635 0.0136402 0.00730181 0 0.00730181
1.70169 0.00611217 0.00809944 0 0.00809944
1.4399 0.0200171 0.00773939 0 0.00773939
1.17809 0.00274319 0.00769103 0 0.00769103
0.916292 0.0061465 0.007489 0 0.007489
0.654503 0.0122262 0.0077185 0 0.0077185
0.392699 0.0152912 0.00715256 0 0.00715256
-0.392699 0.00851386 0.0118735 0 0.0118735
-0.654503 0.0113389 0.00752221 0 0.00752221
-0.916292 0.013544 0.00730493 0 0.00730493
-1.17809 0.00573294 0.00747124 0 0.00747124
-1.4399 0.0111972 0.00775916 0 0.00775916
-1.70169 0.00886837 0.00682471 0 0.00682471
-1.96349 0.0103275 0.00842001 0 0.00842001
-2.22529 0.00799035 0.0072172 0 0.0072172
-2.48709 0.00617622 0.0079909 0 0.0079909
-2.74889 0.00726683 0.00731758 0 0.00731758
-3.01069 0.00848634 0.0064349 0 0.0064349
