3.01069 0.0305976 0.00776587 0 0.00776587
2.74889 0.0337056 0.0101015 0 0.0101015
2.48709 0.0193506 0.010177 0 0.010177
2.2253 0.00453366 0.0103442 0 0.0103442
1.9635 0.0154812 0.00946519 0 0.00946519
1.70169 0.00179813 0.0108905 0 0.0108905
1.4399 0.00841587 0.0121552 0 0.0121552
1.17809 -0.00164726 0.0101222 0 0.0101222
0.916292 0.0055694 0.00971357 0 0.00971357
0.654503 0.00748171 0.0102164 0 0.0102164
0.392699 0.0167166 0.00962856 0 0.00962856
-0.392699 0.020255 0.0183826 0 0.0183826
-0.654503 0.00163135 0.0101263 0 0.0101263
-0.916292 0.0264271 0.00941534 0 0.00941534
-1.17809 0.0179309 0.00965794 0 0.00965794
-1.4399 -0.0102232 0.0104371 0 0.0104371
-1.70169 0.00979739 0.00986898 0 0.00986898
-1.96349 0.00492409 0.0106074 0 0.0106074
-2.22529 0.000461384 0.00928686 0 0.00928686
-2.48709 0.0176508 0.0102953 0 0.0102953
-2.74889 -0.00178765 0.009429 0 0.009429
-3.01069 0.017667 0.00871772 0 0.00871772
