3.01069 3468 58.8897 1960 44.2719
2.74889 1974 44.4297 1005 31.7017
2.48709 1567 39.5854 846 29.0861
2.2253 3266 57.1489 1534 39.1663
1.9635 3970 63.0079 1913 43.7379
1.70169 3480 58.9915 1770 42.0714
1.4399 3909 62.522 1974 44.4297
1.17809 3967 62.9841 1960 44.2719
0.916292 3771 61.4085 1959 44.2606
0.654503 4469 66.8506 2109 45.9239
0.392699 5010 70.7814 2365 48.6313
0.130894 184 13.5647 145 12.0416
-0.130894 601 24.5153 292 17.088
-0.392699 1723 41.509 773 27.8029
-0.654503 3782 61.498 1916 43.7721
-0.916292 3435 58.6089 1621 40.2616
-1.17809 4167 64.5523 1818 42.638
-1.4399 3190 56.4801 1626 40.3237
-1.70169 3684 60.696 1757 41.9166
-1.96349 3145 56.0803 1467 38.3014
-2.22529 4138 64.3273 2110 45.9347
-2.48709 3868 62.1932 1810 42.5441
-2.74889 4552 67.4685 2190 46.7974
-3.01069 4084 63.9062 2487 49.8698
