3.01069 26408 162.505 14126 118.853
2.74889 14043 118.503 7924 89.0169
2.48709 8136 90.1998 4820 69.4262
2.2253 13139 114.625 7443 86.2728
1.9635 18366 135.521 9493 97.432
1.70169 15407 124.125 7659 87.5157
1.4399 16647 129.023 8501 92.2009
1.17809 16969 130.265 8466 92.0109
0.916292 17055 130.595 8959 94.652
0.654503 16011 126.535 8484 92.1086
0.392699 18392 135.617 9909 99.544
0.130894 2237 47.2969 1432 37.8418
-0.130894 3054 55.263 1784 42.2374
-0.392699 8027 89.5935 3572 59.7662
-0.654503 17865 133.66 8925 94.4722
-0.916292 18379 135.569 9484 97.3858
-1.17809 17992 134.134 8998 94.8578
-1.4399 16654 129.05 8387 91.5806
-1.70169 20876 144.485 10817 104.005
-1.96349 14191 119.126 7116 84.3564
-2.22529 17480 132.212 9664 98.3056
-2.48709 15312 123.742 7869 88.7074
-2.74889 18673 136.649 9394 96.9226
-3.01069 22303 149.342 12163 110.286
