3.01069 12228 110.58 6868 82.8734
2.74889 6999 83.66 3935 62.7296
2.48709 3803 61.6685 1920 43.8178
2.2253 8363 91.4494 4326 65.7723
1.9635 10529 102.611 5088 71.3302
1.70169 9127 95.5353 4702 68.5711
1.4399 8544 92.4338 4327 65.7799
1.17809 9830 99.1464 4822 69.4406
0.916292 9253 96.1925 4753 68.942
0.654503 10372 101.843 5261 72.5328
0.392699 12181 110.368 5953 77.1557
0.130894 697 26.4008 483 21.9773
-0.130894 1617 40.2119 979 31.289
-0.392699 4631 68.0515 1921 43.8292
-0.654503 10281 101.395 5076 71.2461
-0.916292 9783 98.909 4819 69.419
-1.17809 10691 103.397 5062 71.1477
-1.4399 9173 95.7758 4489 67
-1.70169 10130 100.648 4828 69.4838
-1.96349 8630 92.8978 4201 64.8151
-2.22529 10273 101.356 5378 73.3348
-2.48709 8996 94.8472 4591 67.7569
-2.74889 11347 106.522 5374 73.3076
-3.01069 12416 111.427 6696 81.8291
