3.01069 5408 73.5391 5605 74.8665
2.74889 2995 54.7266 3449 58.7282
2.48709 1545 39.3065 2195 46.8508
2.2253 2666 51.6333 2869 53.563
1.9635 2799 52.9056 2942 54.2402
1.70169 1868 43.2204 2039 45.1553
1.4399 1104 33.2265 1307 36.1525
1.17809 2432 49.3153 2455 49.548
0.916292 2309 48.0521 2473 49.7293
0.654503 1855 43.0697 2002 44.7437
0.392699 2170 46.5833 2299 47.9479
0.130894 402 20.0499 514 22.6716
-0.130894 1569 39.6106 1389 37.2693
-0.392699 578 24.0416 515 22.6936
-0.654503 2238 47.3075 2206 46.9681
-0.916292 2524 50.2394 2606 51.049
-1.17809 2832 53.2165 2755 52.4881
-1.4399 2100 45.8258 2176 46.6476
-1.70169 2216 47.0744 2262 47.5605
-1.96349 1947 44.1248 1894 43.5201
-2.22529 2565 50.6458 2577 50.7642
-2.48709 2137 46.2277 2186 46.7547
-2.74889 2569 50.6853 2673 51.7011
-3.01069 5551 74.505 5304 72.8286
