3.01069 0.0138034 0.00618727 0 0.00618727
2.74889 0.0374523 0.00808483 0 0.00808483
2.48709 0.0103326 0.00973798 0 0.00973798
2.2253 0.00485284 0.00793894 0 0.00793894
1.9635 0.00467732 0.00723929 0 0.00723929
1.70169 -0.000135293 0.00833592 0 0.00833592
1.4399 -0.00427772 0.00974414 0 0.00974414
1.17809 -0.000278339 0.00770362 0 0.00770362
0.916292 0.0110488 0.00751947 0 0.00751947
0.654503 0.0146053 0.00789615 0 0.00789615
0.392699 0.00457623 0.00755438 0 0.00755438
-0.392699 0.0232034 0.0130708 0 0.0130708
-0.654503 0.00994127 0.00768288 0 0.00768288
-0.916292 0.00965526 0.00717167 0 0.00717167
-1.17809 0.0182868 0.00726875 0 0.00726875
-1.4399 -0.00424379 0.00795461 0 0.00795461
-1.70169 0.0134493 0.00758055 0 0.00758055
-1.96349 0.00812729 0.00808843 0 0.00808843
-2.22529 0.0115319 0.00721692 0 0.00721692
-2.48709 0.0128523 0.00774873 0 0.00774873
-2.74889 0.0040944 0.00723079 0 0.00723079
-3.01069 0.0141462 0.00653771 0 0.00653771
