3.01069 3531 59.4222 1985 44.5533
2.74889 2074 45.5412 1091 33.0303
2.48709 1522 39.0128 854 29.2233
2.2253 3269 57.1752 1541 39.2556
1.9635 4183 64.6761 1942 44.0681
1.70169 3549 59.5735 1796 42.3792
1.4399 3963 62.9524 1953 44.1928
1.17809 3977 63.0635 1974 44.4297
0.916292 3806 61.6928 1866 43.1972
0.654503 4375 66.1438 2076 45.5631
0.392699 4922 70.157 2300 47.9583
0.130894 212 14.5602 123 11.0905
-0.130894 576 24 340 18.4391
-0.392699 1828 42.7551 754 27.4591
-0.654503 3889 62.3618 1944 44.0908
-0.916292 3336 57.7581 1599 39.9875
-1.17809 4284 65.4523 1917 43.7836
-1.4399 3220 56.745 1567 39.5854
-1.70169 3662 60.5145 1826 42.7317
-1.96349 3055 55.2721 1455 38.1445
-2.22529 4093 63.9766 2068 45.4753
-2.48709 3932 62.7057 1861 43.1393
-2.74889 4435 66.5958 2029 45.0444
-3.01069 4103 64.0547 2456 49.558
