-3.01069 0.0148174 0.00341641 0 0
-2.74889 0.0116321 0.00378586 0 0
-2.48709 -0.00142949 0.00410748 0 0
-2.22529 -0.0035231 0.00389778 0 0
-1.96349 0.0132149 0.00431829 0 0
-1.70169 0.010434 0.00385147 0 0
-1.4399 -0.00178271 0.00414642 0 0
-1.17809 0.0157561 0.00381186 0 0
-0.916292 0.00776179 0.0037748 0 0
-0.654503 0.0201049 0.00393643 0 0
-0.392699 0.00337658 0.00658118 0 0
0.392699 0.0203457 0.00396651 0 0
0.654503 0.0267506 0.00413438 0 0
0.916292 0.0158022 0.00392523 0 0
1.17809 0.0182832 0.00401114 0 0
1.4399 0.0239243 0.00467843 0 0
1.70169 0.00456158 0.00433354 0 0
1.9635 0.0195198 0.00381201 0 0
2.2253 0.00925216 0.00430377 0 0
2.48709 0.00857183 0.00534272 0 0
2.74889 0.0246038 0.00425912 0 0
3.01069 0.0262188 0.00318686 0 0
