-3.01069 0.0130494 0.00861031 0 0
-2.74889 0.0321211 0.0131581 0 0
-2.48709 0.02508 0.0145774 0 0
-2.22529 0.02299 0.0135411 0 0
-1.96349 0.0389077 0.0155786 0 0
-1.70169 0.00467425 0.0144516 0 0
-1.4399 0.00296924 0.0146113 0 0
-1.17809 0.00997552 0.0128362 0 0
-0.916292 0.0148892 0.0136816 0 0
-0.654503 0.0244996 0.0145285 0 0
-0.392699 -0.0174604 0.0320655 0 0
0.392699 0.0307079 0.0140671 0 0
0.654503 0.034096 0.0155463 0 0
0.916292 0.00160679 0.0138675 0 0
1.17809 0.0337458 0.0133574 0 0
1.4399 0.0171824 0.0190568 0 0
1.70169 0.0019861 0.0149873 0 0
1.9635 0.0276632 0.0120715 0 0
2.2253 0.0380312 0.0119351 0 0
2.48709 0.0302271 0.0141633 0 0
2.74889 0.0635873 0.0103232 0 0
3.01069 0.0020467 0.00832641 0 0
