-3.01069 0.014806 0.0138859 0 0
-2.74889 0.00591748 0.0143855 0 0
-2.48709 -0.019047 0.0155814 0 0
-2.22529 -0.000335395 0.0139158 0 0
-1.96349 -0.0319633 0.0168283 0 0
-1.70169 -0.00183557 0.015875 0 0
-1.4399 -0.0403252 0.0176933 0 0
-1.17809 0.0274783 0.0146317 0 0
-0.916292 -0.00101298 0.0154378 0 0
-0.654503 0.0107176 0.0151988 0 0
-0.392699 0.0245801 0.0273834 0 0
0.392699 0.0297998 0.0129461 0 0
0.654503 0.00996101 0.0137038 0 0
0.916292 0.0126738 0.0144496 0 0
1.17809 0.0542192 0.0144761 0 0
1.4399 0.0180574 0.0153524 0 0
1.70169 0.0134456 0.0164816 0 0
1.9635 0.0146103 0.0149506 0 0
2.2253 0.04944 0.0162254 0 0
2.48709 0.00467425 0.0222273 0 0
2.74889 0.0297189 0.0216587 0 0
3.01069 -0.00580822 0.0162732 0 0
