-3.01069 20980 144.845 14463 120.262
-2.74889 17197 131.137 11540 107.424
-2.48709 15000 122.474 9693 98.453
-2.22529 16727 129.333 11992 109.508
-1.96349 13175 114.782 8848 94.0638
-1.70169 16657 129.062 11386 106.705
-1.4399 14730 121.367 9880 99.3982
-1.17809 16820 129.692 11139 105.541
-0.916292 17435 132.042 11755 108.42
-0.654503 15631 125.024 10371 101.838
-0.392699 5787 76.0723 3227 56.8067
-0.130894 4337 65.8559 2427 49.2646
0.130894 2371 48.6929 1960 44.2719
0.392699 15387 124.044 10775 103.803
0.654503 13974 118.212 9859 99.2925
0.916292 15861 125.94 10911 104.456
1.17809 15111 122.927 10389 101.926
1.4399 10978 104.776 7688 87.6812
1.70169 13315 115.391 8901 94.3451
1.9635 16688 129.182 11535 107.401
2.2253 13372 115.637 9532 97.632
2.48709 8689 93.2148 8456 91.9565
2.74889 13227 115.009 10009 100.045
3.01069 23545 153.444 17173 131.046
