-3.01069 0.0107453 0.00341285 0 0
-2.74889 0.00879474 0.00362645 0 0
-2.48709 0.00959118 0.00409318 0 0
-2.22529 0.0109301 0.00375006 0 0
-1.96349 0.0100043 0.00413524 0 0
-1.70169 0.0151238 0.00357246 0 0
-1.4399 0.0116862 0.00395086 0 0
-1.17809 0.008002 0.00368672 0 0
-0.916292 0.0222484 0.00374551 0 0
-0.654503 0.00755879 0.00377331 0 0
-0.392699 0.0137918 0.00556174 0 0
0.392699 0.0130106 0.00351228 0 0
0.654503 0.016505 0.00380791 0 0
0.916292 0.025406 0.00389971 0 0
1.17809 0.0217075 0.0038246 0 0
1.4399 0.00426026 0.00399115 0 0
1.70169 0.0124907 0.00404455 0 0
1.9635 0.0149885 0.00368876 0 0
2.2253 0.00824278 0.00428106 0 0
2.48709 0.00993332 0.00602703 0 0
2.74889 0.00735844 0.00453775 0 0
3.01069 0.0148869 0.0033509 0 0
