-3.01069 21459 146.489 11088 105.3
-2.74889 19007 137.866 8662 93.0699
-2.48709 14919 122.143 7072 84.0952
-2.22529 17773 133.315 9134 95.572
-1.96349 14617 120.901 6763 82.2375
-1.70169 19580 139.929 9244 96.1457
-1.4399 16012 126.539 7355 85.7613
-1.17809 18391 135.613 8485 92.1141
-0.916292 17803 133.428 8573 92.5905
-0.654503 17557 132.503 8236 90.7524
-0.392699 8079 89.8833 3016 54.9181
-0.130894 2717 52.1249 1530 39.1152
0.130894 1498 38.704 1039 32.2335
0.392699 20259 142.334 10035 100.175
0.654503 17232 131.271 8456 91.9565
0.916292 16418 128.133 8153 90.294
1.17809 17075 130.671 7801 88.3233
1.4399 15694 125.276 7498 86.591
1.70169 15278 123.604 6957 83.4086
1.9635 18365 135.518 8453 91.9402
2.2253 13639 116.786 7151 84.5636
2.48709 6881 82.9518 3700 60.8276
2.74889 12140 110.182 6289 79.3032
3.01069 22255 149.181 11026 105.005
