-3.01069 0.0063907 0.00474821 0 0
-2.74889 0.00873111 0.00537193 0 0
-2.48709 0.00368542 0.00594559 0 0
-2.22529 -0.00190583 0.00523167 0 0
-1.96349 0.00238763 0.00607995 0 0
-1.70169 0.0257133 0.00519703 0 0
-1.4399 -0.00180967 0.00583014 0 0
-1.17809 0.0119748 0.0054273 0 0
-0.916292 0.0245994 0.00539688 0 0
-0.654503 0.0142967 0.0055084 0 0
-0.392699 0.00900307 0.00910377 0 0 
0.392699 0.0264616 0.00498781 0 0
0.654503 0.0150087 0.00543615 0 0
0.916292 0.0236698 0.0055344 0 0
1.17809 0.01779 0.00565926 0 0
1.4399 0.0162762 0.00577277 0 0
1.70169 -0.000829312 0.00599461 0 0
1.9635 0.0208415 0.00543598 0 0
2.2253 0.0259513 0.00590876 0 0
2.48709 0.0247987 0.00821493 0 0
2.74889 0.0295221 0.00629945 0 0
3.01069 0.0175337 0.00476026 0 0
