-3.01069 21200 145.602 11050 105.119
-2.74889 18851 137.299 8592 92.693
-2.48709 14773 121.544 7086 84.1784
-2.22529 17552 132.484 9255 96.2029
-1.96349 14462 120.258 6794 82.4257
-1.70169 19175 138.474 8863 94.1435
-1.4399 15789 125.654 7451 86.3192
-1.17809 18269 135.163 8362 91.444
-0.916292 17188 131.103 8238 90.7634
-0.654503 17456 132.121 8079 89.8833
-0.392699 7933 89.0674 2990 54.6809
-0.130894 2546 50.4579 1482 38.4968
0.130894 1425 37.7492 1022 31.9687
0.392699 19924 141.152 9607 98.0153
0.654503 16829 129.727 8283 91.011
0.916292 15751 125.503 7849 88.5946
1.17809 16503 128.464 7599 87.1722
1.4399 15707 125.328 7326 85.5921
1.70169 15041 122.642 7034 83.8689
1.9635 17990 134.127 8184 90.4655
2.2253 13542 116.37 6853 82.7828
2.48709 6809 82.5167 3554 59.6154
2.74889 12075 109.886 5984 77.3563
3.01069 21805 147.665 10746 103.663
