-3.01069 0.0198574 0.00409331 0 0
-2.74889 0.02388 0.0045633 0 0
-2.48709 0.0188105 0.00500552 0 0
-2.22529 0.00304554 0.00457331 0 0
-1.96349 0.0120222 0.00527589 0 0
-1.70169 0.0114345 0.00465365 0 0
-1.4399 0.00284908 0.00503944 0 0
-1.17809 0.0168668 0.00467873 0 0
-0.916292 0.0166506 0.00455553 0 0
-0.654503 0.0152159 0.00485714 0 0
-0.392699 0.0146444 0.00871263 0 0
0.392699 0.0335115 0.00467462 0 0
0.654503 0.0153603 0.00498093 0 0
0.916292 0.0181005 0.00472135 0 0
1.17809 0.0169849 0.00484409 0 0
1.4399 0.0207346 0.00560922 0 0
1.70169 0.00803321 0.00528161 0 0
1.9635 0.0218412 0.00457403 0 0
2.2253 0.0139757 0.00507289 0 0
2.48709 0.00779821 0.00542009 0 0
2.74889 0.0277069 0.00488021 0 0
3.01069 0.0268494 0.00372909 0 0
