-3.01069 0.00467425 0.00841183 0 0
-2.74889 -0.00466703 0.00798174 0 0
-2.48709 0.00217096 0.00859136 0 0
-2.22529 -0.000992676 0.00833684 0 0
-1.96349 0.031271 0.00944329 0 0
-1.70169 0.00156191 0.00883472 0 0
-1.4399 -0.00436368 0.00945573 0 0
-1.17809 0.0214279 0.00808296 0 0
-0.916292 0.0191947 0.00906664 0 0
-0.654503 0.00840266 0.00861884 0 0
-0.392699 0.00402491 0.0127452 0 0
0.392699 -0.00202808 0.00756189 0 0
0.654503 0.00798285 0.00796317 0 0
0.916292 -0.00477833 0.0087024 0 0
1.17809 0.0205867 0.00839658 0 0
1.4399 -0.0033073 0.00855227 0 0
1.70169 0.0102496 0.00902902 0 0
1.9635 -0.00105284 0.00838123 0 0
2.2253 0.0183238 0.0092881 0 0
2.48709 -0.00475637 0.0137984 0 0
2.74889 0.014399 0.011899 0 0
3.01069 0.00650295 0.00910865 0 0
