-3.01069 21410 146.322 14909 122.102
-2.74889 17438 132.053 11992 109.508
-2.48709 14818 121.729 9971 99.8549
-2.22529 16455 128.277 11953 109.33
-1.96349 13402 115.767 8979 94.7576
-1.70169 16850 129.808 11541 107.429
-1.4399 14541 120.586 9844 99.2169
-1.17809 17197 131.137 11414 106.836
-0.916292 17543 132.45 12040 109.727
-0.654503 16121 126.969 10592 102.917
-0.392699 5772 75.9737 3292 57.376
-0.130894 4599 67.8159 2612 51.1077
0.130894 2424 49.2341 2005 44.7772
0.392699 15877 126.004 11415 106.841
0.654503 14605 120.851 10072 100.359
0.916292 16218 127.35 11208 105.868
1.17809 15528 124.611 10648 103.189
1.4399 11409 106.813 7939 89.1011
1.70169 13312 115.378 8961 94.6626
1.9635 17191 131.114 11938 109.261
2.2253 13495 116.168 9711 98.5444
2.48709 8757 93.5788 8509 92.2442
2.74889 13765 117.324 10481 102.377
3.01069 24582 156.786 17952 133.985
