-3.01069 0.00402813 0.0103806 0 0
-2.74889 0.00407796 0.017272 0 0
-2.48709 0.0176602 0.0178974 0 0
-2.22529 -0.0106027 0.0172703 0 0
-1.96349 0.0130643 0.0194445 0 0
-1.70169 -0.0187116 0.0187582 0 0
-1.4399 -0.0237026 0.0188608 0 0
-1.17809 0.0262322 0.0158402 0 0
-0.916292 0.0661078 0.0161514 0 0
-0.654503 0.039992 0.0175836 0 0
-0.392699 0.0202978 0.0357911 0 0
0.392699 0.0430227 0.0181273 0 0
0.654503 0.0305124 0.0195186 0 0
0.916292 0.0253097 0.0174924 0 0
1.17809 0.033208 0.0168079 0 0
1.4399 0.0376065 0.0252182 0 0
1.70169 0.0256508 0.0194941 0 0
1.9635 0.0142454 0.0157925 0 0
2.2253 0.0143448 0.0154715 0 0
2.48709 0.0389258 0.0198276 0 0
2.74889 0.0529982 0.0137079 0 0
3.01069 0.0069788 0.0102228 0 0
