-3.01069 7787.15 88.2448 12732.9 112.84
-2.74889 7237.67 85.0745 9568.11 97.8167
-2.48709 7385.82 85.9408 7255.41 85.1787
-2.22529 8497.36 92.1812 7767.69 88.1345
-1.96349 6316.94 79.4792 6667.92 81.6573
-1.70169 7758.33 88.0814 8486.18 92.1205
-1.4399 6613.26 81.322 7720.53 87.8665
-1.17809 7226.07 85.0063 9289.55 96.3823
-0.916292 9128.39 95.5426 7873.83 88.7346
-0.654503 6584.64 81.1458 8738.7 93.481
-0.392699 3990.5 63.1704 1646.97 40.5829
-0.130894 519 22.7816 170 13.0384
0.130894 153 12.3693 57 7.54983
0.392699 7437.48 86.2408 7615.52 87.2669
0.654503 5979.09 77.3245 7782.08 88.2161
0.916292 7432.54 86.2122 7946.42 89.1427
1.17809 5877.43 76.6644 8825.81 93.9458
1.4399 4205.73 64.8516 6568.64 81.0472
1.70169 5957.66 77.1859 7111.43 84.3293
1.9635 7002.85 83.683 9339.48 96.641
2.2253 5529.99 74.3639 7534.87 86.8036
2.48709 3189.55 56.4761 5311.87 72.8826
2.74889 4044.6 63.5972 8886.36 94.2675
3.01069 6604.39 81.2674 16446.8 128.245
