-3.01069 11870.4 108.951 9441.22 97.166
-2.74889 11100.2 105.358 7916.39 88.9741
-2.48709 9310.89 96.493 5690.12 75.4329
-2.22529 9659.2 98.2812 8021.1 89.5606
-1.96349 8890.93 94.2917 5803.95 76.1837
-1.70169 11867.1 108.936 7439.58 86.253
-1.4399 8967.76 94.6983 6903.22 83.0856
-1.17809 11040.2 105.072 7385.66 85.9399
-0.916292 10277.6 101.378 6989.47 83.603
-0.654503 12771.5 113.011 4790.68 69.2148
-0.392699 5255.33 72.4937 2941.77 54.2381
-0.130894 519 22.7816 170 13.0384
0.130894 153 12.3693 57 7.54983
0.392699 11461.7 107.059 8623.47 92.8626
0.654503 11492.2 107.201 5513.03 74.2498
0.916292 9378.3 96.8416 6594.11 81.2041
1.17809 12040.1 109.728 4685.5 68.4507
1.4399 8844.23 94.0438 7129.37 84.4356
1.70169 10188.3 100.937 5162.32 71.8493
1.9635 10710.2 103.49 7494.16 86.5688
2.2253 8857.33 94.1134 4763.43 69.0176
2.48709 4638.07 68.1033 2267.25 47.6156
2.74889 6127.22 78.2765 6256.43 79.0976
3.01069 10595.5 102.935 11725.4 108.284
