-3.01069 737.61 27.159 1260.31 35.5009
-2.74889 405.337 20.133 332.243 18.2275
-2.48709 325.319 18.0366 341.305 18.4745
-2.22529 371.004 19.2615 396.182 19.9043
-1.96349 235.333 15.3406 327.398 18.0941
-1.70169 390.798 19.7686 267.399 16.3523
-1.4399 249.423 15.7931 391.183 19.7783
-1.17809 410.718 20.2662 423.493 20.5789
-0.916292 333.135 18.252 414.05 20.3482
-0.654503 374.374 19.3488 279.146 16.7077
-0.392699 92.3451 9.60964 70.2269 8.38015
-0.130894 519 22.7816 170 13.0384
0.130894 153 12.3693 57 7.54983
0.392699 313.512 17.7063 291.298 17.0674
0.654503 294.354 17.1567 251.052 15.8446
0.916292 436.661 20.8964 266.688 16.3306
1.17809 229.759 15.1578 485.567 22.0356
1.4399 140.867 11.8688 156.769 12.5207
1.70169 300.462 17.3339 250.418 15.8246
1.9635 334.803 18.2976 508.002 22.5389
2.2253 452.16 21.264 444.244 21.0771
2.48709 194.906 13.9609 305.832 17.4881
2.74889 351.697 18.7536 669.911 25.8826
3.01069 1013.92 31.8421 1066.57 32.6584
