-3.01069 756.419 27.5031 1256.21 35.4431
-2.74889 376.392 19.4008 351.941 18.7601
-2.48709 309.992 17.6066 354.677 18.8329
-2.22529 338.742 18.4049 406.961 20.1733
-1.96349 223.601 14.9533 361.447 19.0118
-1.70169 365.265 19.1119 270.339 16.442
-1.4399 239.285 15.4688 383.62 19.5862
-1.17809 441.509 21.0121 429.611 20.7271
-0.916292 411.96 20.2968 422.394 20.5522
-0.654503 430.468 20.7477 286.333 16.9214
-0.392699 106.397 10.3149 65.3675 8.08502
-0.130894 519 22.7816 170 13.0384
0.130894 153 12.3693 57 7.54983
0.392699 323.913 17.9976 317.502 17.8186
0.654503 305.742 17.4855 271.052 16.4637
0.916292 464.994 21.5637 265.27 16.2871
1.17809 263.844 16.2433 514.898 22.6914
1.4399 177.456 13.3213 162.527 12.7486
1.70169 314.924 17.7461 247.618 15.7359
1.9635 305.591 17.4812 544.92 23.3435
2.2253 430.108 20.739 481.238 21.9371
2.48709 217.779 14.7573 317.938 17.8308
2.74889 367.223 19.1631 754.91 27.4756
3.01069 1015.58 31.8682 1075.57 32.7958
