-3.01069 7685.6 87.6676 13192.5 114.859
-2.74889 7120.42 84.3826 9868.88 99.3422
-2.48709 7052.64 83.98 7490.02 86.5449
-2.22529 8185.38 90.4731 7824.16 88.4543
-1.96349 6353.72 79.7102 6781.22 82.3482
-1.70169 7901.16 88.8885 8582.17 92.64
-1.4399 6688.78 81.7849 7661.26 87.5286
-1.17809 7266.7 85.245 9502.22 97.4793
-0.916292 8978.72 94.7561 8110.08 90.056
-0.654503 6832.14 82.6567 8912.77 94.4075
-0.392699 3928.19 62.6753 1700.62 41.2385
-0.130894 519 22.7816 170 13.0384
0.130894 153 12.3693 57 7.54983
0.392699 7436.72 86.2364 8051.86 89.7321
0.654503 6391.38 79.9461 7933.25 89.0688
0.916292 7670.56 87.5817 8063.75 89.7984
1.17809 6206.69 78.7825 8983.25 94.78
1.4399 4501.14 67.0906 6803.62 82.484
1.70169 5931.23 77.0145 7195.54 84.8265
1.9635 7217.03 84.9531 9561.9 97.785
2.2253 5542.29 74.4466 7650.28 87.4659
2.48709 3311.78 57.5481 5348.27 73.1319
2.74889 4243.45 65.1418 9257.79 96.2174
3.01069 6768.42 82.2704 17321.1 131.61
