-3.01069 11949.9 109.316 9585.66 97.9064
-2.74889 11058 105.157 8087.63 89.9312
-2.48709 9418.7 97.05 5742.55 75.7796
-2.22529 9924.27 99.6206 7989.67 89.385
-1.96349 9019.1 94.9689 5761.26 75.903
-1.70169 12119.4 110.088 7628.65 87.3421
-1.4399 9102.82 95.4087 6984.47 83.5732
-1.17809 10908.4 104.443 7623.36 87.3118
-0.916292 10645.5 103.177 7191.38 84.802
-0.654503 12754.2 112.934 4906.2 70.0443
-0.392699 5393.2 73.4384 2972.87 54.5241
-0.130894 519 22.7816 170 13.0384
0.130894 153 12.3693 57 7.54983
0.392699 11339.5 106.487 9088.8 95.3352
0.654503 11762.4 108.455 5670.96 75.3058
0.916292 9751.96 98.752 6877.97 82.9335
1.17809 12539.5 111.98 4823.38 69.4505
1.4399 8526.86 92.341 7391.47 85.9737
1.70169 10533.7 102.634 5106.4 71.4591
1.9635 10894 104.374 7674.74 87.6056
2.2253 8818.74 93.9081 4914.61 70.1043
2.48709 4622.73 67.9907 2344.18 48.4167
2.74889 5792.53 76.1087 6734.9 82.0664
3.01069 10400.3 101.982 12362.6 111.187
