3.01069 0.0448878 0.0088351 0 0.0088351
2.74889 0.050048 0.0112945 0 0.0112945
2.48709 0.0134727 0.0144718 0 0.0144718
2.2253 0.0139617 0.0125678 0 0.0125678
1.9635 0.0107649 0.0124403 0 0.0124403
1.70169 0.0181433 0.014973 0 0.014973
1.4399 -0.0111542 0.0188807 0 0.0188807
1.17809 0.0131622 0.0135996 0 0.0135996
0.916292 -0.00243284 0.0137054 0 0.0137054
0.654503 -0.00449159 0.0152519 0 0.0152519
0.392699 0.0237533 0.0139618 0 0.0139618
-0.392699 -0.00861313 0.0300551 0 0.0300551
-0.654503 0.0256932 0.0143057 0 0.0143057
-0.916292 -0.00494532 0.0133837 0 0.0133837
-1.17809 0.0196899 0.0128033 0 0.0128033
-1.4399 0.0120087 0.0144736 0 0.0144736
-1.70169 0.0136244 0.0141992 0 0.0141992
-1.96349 0.0187821 0.015569 0 0.015569
-2.22529 0.0263664 0.0131829 0 0.0131829
-2.48709 0.004715 0.0145587 0 0.0145587
-2.74889 -0.00670705 0.0132131 0 0.0132131
-3.01069 0.00807929 0.00918951 0 0.00918951
