3.01069 0.0315818 0.00744787 0 0.00744787
2.74889 0.0357397 0.00971767 0 0.00971767
2.48709 0.0174824 0.00989487 0 0.00989487
2.2253 0.00499764 0.00996496 0 0.00996496
1.9635 0.0125651 0.0090913 0 0.0090913
1.70169 0.00209138 0.0104723 0 0.0104723
1.4399 0.00570968 0.0117074 0 0.0117074
1.17809 -0.000547159 0.00967237 0 0.00967237
0.916292 0.00862801 0.00932509 0 0.00932509
0.654503 0.00731519 0.00983052 0 0.00983052
0.392699 0.0153643 0.00928038 0 0.00928038
-0.392699 0.0268999 0.0176544 0 0.0176544
-0.654503 -9.33498e-05 0.00972021 0 0.00972021
-0.916292 0.0226621 0.00902269 0 0.00902269
-1.17809 0.0219408 0.00924735 0 0.00924735
-1.4399 -0.0139223 0.0100147 0 0.0100147
-1.70169 0.00797836 0.00948313 0 0.00948313
-1.96349 0.0076653 0.0101962 0 0.0101962
-2.22529 0.000528712 0.008917 0 0.008917
-2.48709 0.0163426 0.00990672 0 0.00990672
-2.74889 0.00312083 0.00903846 0 0.00903846
-3.01069 0.0184179 0.00831813 0 0.00831813
