3.01069 0.0136453 0.0117654 0 0.0117654
2.74889 0.0212512 0.0154914 0 0.0154914
2.48709 -0.00410585 0.0178716 0 0.0178716
2.2253 0.00222791 0.012276 0 0.012276
1.9635 0.0266682 0.0109561 0 0.0109561
1.70169 0.010475 0.0117749 0 0.0117749
1.4399 0.00281777 0.0111584 0 0.0111584
1.17809 -0.00201165 0.011115 0 0.011115
0.916292 0.00210724 0.0114276 0 0.0114276
0.654503 -0.00914875 0.0105551 0 0.0105551
0.392699 -0.00791996 0.0099699 0 0.0099699
-0.392699 0.0257 0.016452 0 0.016452
-0.654503 0.0176452 0.011335 0 0.011335
-0.916292 -0.0176445 0.0121247 0 0.0121247
-1.17809 0.0167116 0.0107958 0 0.0107958
-1.4399 0.00817612 0.0123399 0 0.0123399
-1.70169 0.00011391 0.0115947 0 0.0115947
-1.96349 -0.0145647 0.0126041 0 0.0126041
-2.22529 -0.00192731 0.0109736 0 0.0109736
-2.48709 0.00837479 0.011221 0 0.011221
-2.74889 -0.0108009 0.0104513 0 0.0104513
-3.01069 0.00192234 0.0109419 0 0.0109419
