3.01069 0.0221192 0.00637215 0 0.00637215
2.74889 0.0288129 0.00844674 0 0.00844674
2.48709 0.0116436 0.011429 0 0.011429
2.2253 0.00949641 0.00772383 0 0.00772383
1.9635 0.00621645 0.00685946 0 0.00685946
1.70169 -0.00385928 0.0073104 0 0.0073104
1.4399 0.00029093 0.00757549 0 0.00757549
1.17809 0.000318523 0.00709017 0 0.00709017
0.916292 0.00191233 0.00731547 0 0.00731547
0.654503 -0.00286037 0.00689608 0 0.00689608
0.392699 0.0121744 0.00641118 0 0.00641118
-0.392699 0.00681241 0.010274 0 0.010274
-0.654503 0.00705463 0.00696945 0 0.00696945
-0.916292 0.0040241 0.00713849 0 0.00713849
-1.17809 -0.00282947 0.00679381 0 0.00679381
-1.4399 0.00520094 0.00733875 0 0.00733875
-1.70169 -0.00480652 0.00694823 0 0.00694823
-1.96349 0.00992293 0.00759707 0 0.00759707
-2.22529 -0.00410819 0.00693387 0 0.00693387
-2.48709 0.000994983 0.00740294 0 0.00740294
-2.74889 0.000318989 0.00661017 0 0.00661017
-3.01069 0.0153533 0.00635844 0 0.00635844
