3.01069 0.0368244 0.00985569 0 0.00985569
2.74889 0.0215777 0.013385 0 0.013385
2.48709 0.0366081 0.018496 0 0.018496
2.2253 0.0114328 0.0142183 0 0.0142183
1.9635 -0.00732073 0.0140167 0 0.0140167
1.70169 -0.00450719 0.0170749 0 0.0170749
1.4399 0.0023051 0.0221513 0 0.0221513
1.17809 -0.00455066 0.0150315 0 0.0150315
0.916292 0.0357577 0.0150913 0 0.0150913
0.654503 0.0076674 0.0169805 0 0.0169805
0.392699 0.00775614 0.0157287 0 0.0157287
-0.392699 0.015303 0.0305241 0 0.0305241
-0.654503 0.0263288 0.0154266 0 0.0154266
-0.916292 0.00727607 0.0145801 0 0.0145801
-1.17809 0.00629503 0.0138276 0 0.0138276
-1.4399 0.00973986 0.0159692 0 0.0159692
-1.70169 0.00501558 0.0156883 0 0.0156883
-1.96349 -0.000644202 0.0167674 0 0.0167674
-2.22529 -0.0139421 0.0146623 0 0.0146623
-2.48709 0.0272524 0.0156342 0 0.0156342
-2.74889 -0.0225174 0.0147188 0 0.0147188
-3.01069 0.0176043 0.00990212 0 0.00990212
