3.01069 0.0232152 0.00442085 0 0.00442085
2.74889 0.0248537 0.00605752 0 0.00605752
2.48709 0.0155168 0.00795956 0 0.00795956
2.2253 0.00389985 0.0062482 0 0.0062482
1.9635 0.00753418 0.00527794 0 0.00527794
1.70169 0.0166524 0.00578513 0 0.00578513
1.4399 0.0116506 0.0055443 0 0.0055443
1.17809 0.00794419 0.00549885 0 0.00549885
0.916292 0.00323408 0.0054642 0 0.0054642
0.654503 0.0114615 0.00566444 0 0.00566444
0.392699 -0.00124397 0.00525538 0 0.00525538
-0.392699 0.00503979 0.00793669 0 0.00793669
-0.654503 0.00200692 0.00533615 0 0.00533615
-0.916292 -0.00489571 0.0052584 0 0.0052584
-1.17809 -0.00410571 0.00530479 0 0.00530479
-1.4399 0.00917005 0.00554761 0 0.00554761
-1.70169 0.00372299 0.00494881 0 0.00494881
-1.96349 0.00286502 0.00598767 0 0.00598767
-2.22529 0.00589849 0.00541602 0 0.00541602
-2.48709 0.0105956 0.00578594 0 0.00578594
-2.74889 0.00656846 0.00522723 0 0.00522723
-3.01069 0.00740237 0.00479018 0 0.00479018
