3.01069 25020 158.177 13538 116.353
2.74889 13300 115.326 7676 87.6128
2.48709 7779 88.1986 4793 69.2315
2.2253 12777 113.035 7445 86.2844
1.9635 17842 133.574 9450 97.2111
1.70169 14710 121.285 7650 87.4643
1.4399 16100 126.886 8171 90.3936
1.17809 16430 128.18 8693 93.2363
0.916292 16719 129.302 8957 94.6414
0.654503 15427 124.205 8448 91.913
0.392699 18156 134.744 9835 99.1716
0.130894 2053 45.31 1507 38.8201
-0.130894 3114 55.8032 1611 40.1373
-0.392699 7909 88.9326 3494 59.1101
-0.654503 17553 132.488 8959 94.652
-0.916292 18201 134.911 9549 97.719
-1.17809 17870 133.679 9079 95.2838
-1.4399 16122 126.972 8413 91.7224
-1.70169 20374 142.738 10898 104.393
-1.96349 13928 118.017 7046 83.9405
-2.22529 16972 130.277 9776 98.8737
-2.48709 14799 121.651 7867 88.6961
-2.74889 18208 134.937 9492 97.4269
-3.01069 21665 147.19 12292 110.869
