3.01069 0.00602591 0.0161626 0 0.0161626
2.74889 0.0465965 0.0221587 0 0.0221587
2.48709 0.00671615 0.0244772 0 0.0244772
2.2253 0.00729582 0.0182146 0 0.0182146
1.9635 0.00714688 0.016269 0 0.016269
1.70169 -0.00100183 0.0170502 0 0.0170502
1.4399 -0.00259169 0.0161567 0 0.0161567
1.17809 0.00884636 0.0161055 0 0.0161055
0.916292 -0.0198296 0.0162582 0 0.0162582
0.654503 -0.0169371 0.0154991 0 0.0154991
0.392699 -0.015458 0.0146667 0 0.0146667
-0.392699 -0.00846657 0.0264439 0 0.0264439
-0.654503 0.0101963 0.0161535 0 0.0161535
-0.916292 -0.0126213 0.0176027 0 0.0176027
-1.17809 0.0247307 0.0164927 0 0.0164927
-1.4399 -0.00886097 0.0178399 0 0.0178399
-1.70169 0.0234941 0.0169637 0 0.0169637
-1.96349 -0.000416592 0.0186569 0 0.0186569
-2.22529 -0.0110581 0.0155809 0 0.0155809
-2.48709 0.0147764 0.0167394 0 0.0167394
-2.74889 -0.0200556 0.0154964 0 0.0154964
-3.01069 -0.00824281 0.0142668 0 0.0142668
