3.01069 12054 109.791 6294 79.3347
2.74889 6810 82.5227 3548 59.5651
2.48709 3788 61.5467 1973 44.4185
2.2253 8313 91.1757 4287 65.4752
1.9635 10576 102.84 4961 70.4344
1.70169 9406 96.9845 4523 67.2533
1.4399 8723 93.397 4403 66.3551
1.17809 9958 99.7898 4635 68.0808
0.916292 9339 96.6385 4663 68.2862
0.654503 10560 102.762 5286 72.7049
0.392699 12033 109.695 5842 76.433
0.130894 727 26.9629 495 22.2486
-0.130894 1576 39.6989 987 31.4166
-0.392699 4711 68.6367 1766 42.0238
-0.654503 10236 101.173 5050 71.0634
-0.916292 9787 98.9293 4742 68.8622
-1.17809 10880 104.307 5110 71.4843
-1.4399 9249 96.1717 4523 67.2533
-1.70169 10422 102.088 4780 69.1375
-1.96349 8589 92.6769 4092 63.9687
-2.22529 10458 102.264 5434 73.7157
-2.48709 9128 95.5406 4367 66.0833
-2.74889 11457 107.037 5486 74.0675
-3.01069 12193 110.422 6767 82.2618
