3.01069 12454 111.597 9278 96.3224
2.74889 7526 86.7525 5470 73.9594
2.48709 5027 70.9013 5188 72.0278
2.2253 7525 86.7468 5054 71.0915
1.9635 9087 95.3258 6117 78.2113
1.70169 6841 82.7103 4563 67.55
1.4399 4952 70.3704 3664 60.531
1.17809 7961 89.2244 5335 73.0411
0.916292 8453 91.9402 5792 76.1052
0.654503 7743 87.9943 5205 72.1457
0.392699 8299 91.0988 5886 76.7203
0.130894 1387 37.2424 1075 32.7872
-0.130894 2707 52.0288 1325 36.4005
-0.392699 2852 53.4041 1644 40.5463
-0.654503 8146 90.2552 5285 72.698
-0.916292 9285 96.3587 6270 79.1833
-1.17809 9082 95.2995 5965 77.2334
-1.4399 7428 86.1858 4909 70.0643
-1.70169 8375 91.515 5597 74.8131
-1.96349 7313 85.5161 4840 69.5701
-2.22529 9164 95.7288 6284 79.2717
-2.48709 7987 89.37 5170 71.9027
-2.74889 9110 95.4463 6132 78.3071
-3.01069 11181 105.74 7348 85.7205
