3.01069 12566 112.098 6729 82.0305
2.74889 7195 84.8233 3774 61.4329
2.48709 3867 62.1852 1921 43.8292
2.2253 8450 91.9239 4353 65.9773
1.9635 10680 103.344 5022 70.8661
1.70169 9309 96.4832 4599 67.8159
1.4399 8705 93.3006 4261 65.2763
1.17809 9938 99.6895 4771 69.0724
0.916292 9350 96.6954 4781 69.1448
0.654503 10472 102.333 5317 72.9178
0.392699 12297 110.892 5940 77.0714
0.130894 731 27.037 476 21.8174
-0.130894 1645 40.5586 966 31.0805
-0.392699 4763 69.0145 1822 42.6849
-0.654503 10354 101.755 5082 71.2881
-0.916292 9840 99.1968 4853 69.6635
-1.17809 10790 103.875 5085 71.3092
-1.4399 9321 96.5453 4470 66.8581
-1.70169 10295 101.464 4818 69.4118
-1.96349 8738 93.4773 4177 64.6297
-2.22529 10345 101.71 5368 73.2666
-2.48709 9122 95.5092 4540 67.3795
-2.74889 11434 106.93 5340 73.0753
-3.01069 12540 111.982 6787 82.3833
