3.01069 0.021232 0.0060157 0 0.0060157
2.74889 0.0111914 0.00803085 0 0.00803085
2.48709 0.00857305 0.0101765 0 0.0101765
2.2253 0.0118233 0.0081518 0 0.0081518
1.9635 0.0088851 0.00724664 0 0.00724664
1.70169 0.00581327 0.00806672 0 0.00806672
1.4399 0.0271931 0.00771814 0 0.00771814
1.17809 -0.00179188 0.00759645 0 0.00759645
0.916292 0.0113264 0.007434 0 0.007434
0.654503 0.010007 0.00765986 0 0.00765986
0.392699 0.0136754 0.00708581 0 0.00708581
-0.392699 0.0075808 0.011925 0 0.011925
-0.654503 0.00935111 0.00744075 0 0.00744075
-0.916292 0.00978634 0.00720564 0 0.00720564
-1.17809 0.00521862 0.00740706 0 0.00740706
-1.4399 0.0102764 0.00767471 0 0.00767471
-1.70169 0.00657221 0.00675614 0 0.00675614
-1.96349 0.0153173 0.00836416 0 0.00836416
-2.22529 0.010044 0.00712056 0 0.00712056
-2.48709 0.00663411 0.00795138 0 0.00795138
-2.74889 0.00400301 0.00724863 0 0.00724863
-3.01069 0.00262371 0.00637437 0 0.00637437
