3.01069 4958 70.4131 6114 78.1921
2.74889 2733 52.2781 3719 60.9836
2.48709 1408 37.5233 2358 48.5592
2.2253 2448 49.4773 3125 55.9017
1.9635 2567 50.6656 3200 56.5685
1.70169 1725 41.5331 2192 46.8188
1.4399 1018 31.9061 1420 37.6829
1.17809 2226 47.1805 2671 51.6817
0.916292 2117 46.0109 2672 51.6914
0.654503 1723 41.509 2162 46.4973
0.392699 2008 44.8107 2506 50.06
0.130894 366 19.1311 545 23.3452
-0.130894 1453 38.1182 1532 39.1408
-0.392699 529 23 559 23.6432
-0.654503 2047 45.2438 2382 48.8057
-0.916292 2338 48.3529 2809 53
-1.17809 2602 51.0098 2993 54.7083
-1.4399 1944 44.0908 2361 48.5901
-1.70169 2024 44.9889 2449 49.4874
-1.96349 1782 42.2137 2026 45.0111
-2.22529 2361 48.5901 2803 52.9434
-2.48709 1991 44.6206 2351 48.4871
-2.74889 2362 48.6004 2887 53.7308
-3.01069 5015 70.8167 5881 76.6877
