3.01069 0.0347247 0.00875767 0 0.00875767
2.74889 0.0321883 0.0116804 0 0.0116804
2.48709 -0.0120303 0.0160245 0 0.0160245
2.2253 0.00896255 0.0107582 0 0.0107582
1.9635 0.00743408 0.0100086 0 0.0100086
1.70169 0.00965515 0.01047 0 0.01047
1.4399 -0.0150662 0.0107428 0 0.0107428
1.17809 0.0157823 0.0103099 0 0.0103099
0.916292 0.0138182 0.0102894 0 0.0102894
0.654503 0.00424743 0.00971182 0 0.00971182
0.392699 0.00964142 0.00921273 0 0.00921273
-0.392699 0.016931 0.016692 0 0.016692
-0.654503 0.00448204 0.00993495 0 0.00993495
-0.916292 0.0128921 0.0102083 0 0.0102083
-1.17809 -0.00112844 0.00990438 0 0.00990438
-1.4399 -0.00456976 0.0105454 0 0.0105454
-1.70169 0.00528288 0.0102075 0 0.0102075
-1.96349 0.0116029 0.0109965 0 0.0109965
-2.22529 -0.00478627 0.00962204 0 0.00962204
-2.48709 0.0207461 0.0105937 0 0.0105937
-2.74889 -0.0121625 0.00961086 0 0.00961086
-3.01069 0.00279932 0.00858994 0 0.00858994
