3.01069 5323 72.9589 6671 81.6762
2.74889 2846 53.3479 4100 64.0312
2.48709 1511 38.8716 2416 49.1528
2.2253 2498 49.98 3205 56.6127
1.9635 2523 50.2295 3261 57.1052
1.70169 1705 41.2916 2267 47.613
1.4399 1020 31.9374 1385 37.2156
1.17809 2200 46.9042 2735 52.2972
0.916292 2268 47.6235 2652 51.4976
0.654503 1745 41.7732 2137 46.2277
0.392699 2034 45.0999 2621 51.1957
0.130894 379 19.4679 571 23.8956
-0.130894 1542 39.2683 1643 40.5339
-0.392699 544 23.3238 548 23.4094
-0.654503 2152 46.3897 2501 50.01
-0.916292 2366 48.6415 2774 52.6688
-1.17809 2628 51.264 3105 55.7225
-1.4399 1977 44.4635 2412 49.1121
-1.70169 2039 45.1553 2510 50.0999
-1.96349 1775 42.1307 2098 45.8039
-2.22529 2290 47.8539 2947 54.2863
-2.48709 2097 45.793 2367 48.6518
-2.74889 2252 47.4552 2841 53.301
-3.01069 5181 71.9792 5961 77.2075
