3.01069 12106 110.027 8733 93.4505
2.74889 6935 83.2766 5106 71.4563
2.48709 4937 70.2638 5023 70.8731
2.2253 7525 86.7468 5017 70.8308
1.9635 9024 94.9947 5981 77.3369
1.70169 6832 82.6559 4556 67.4981
1.4399 5005 70.746 3632 60.2661
1.17809 7929 89.0449 5355 73.1779
0.916292 8271 90.945 5708 75.5513
0.654503 7505 86.6314 5143 71.7147
0.392699 8284 91.0165 5723 75.6505
0.130894 1389 37.2693 1026 32.0312
-0.130894 2625 51.2348 1254 35.4119
-0.392699 2757 52.5071 1562 39.5221
-0.654503 7965 89.2468 5300 72.8011
-0.916292 9174 95.781 6008 77.5113
-1.17809 8842 94.0319 5724 75.6571
-1.4399 7520 86.7179 5061 71.1407
-1.70169 8185 90.471 5523 74.3169
-1.96349 7199 84.8469 4779 69.1303
-2.22529 8994 94.8367 6294 79.3347
-2.48709 7834 88.5099 5017 70.8308
-2.74889 9033 95.0421 6110 78.1665
-3.01069 10858 104.202 7101 84.2674
