3.01069 0.0154928 0.00638075 0 0.00638075
2.74889 0.04219 0.00830842 0 0.00830842
2.48709 0.0103561 0.0100178 0 0.0100178
2.2253 0.00132375 0.00815194 0 0.00815194
1.9635 0.00480228 0.00743117 0 0.00743117
1.70169 0.00198198 0.0085525 0 0.0085525
1.4399 -0.00399917 0.010022 0 0.010022
1.17809 0.00333759 0.00793351 0 0.00793351
0.916292 0.0122061 0.00773257 0 0.00773257
0.654503 0.016932 0.00809752 0 0.00809752
0.392699 0.00222829 0.00776603 0 0.00776603
-0.392699 0.0182604 0.0133501 0 0.0133501
-0.654503 0.0125581 0.00787824 0 0.00787824
-0.916292 0.00733702 0.00736066 0 0.00736066
-1.17809 0.0147134 0.007469 0 0.007469
-1.4399 -0.00483096 0.00817967 0 0.00817967
-1.70169 0.012797 0.00777069 0 0.00777069
-1.96349 0.00917922 0.00830122 0 0.00830122
-2.22529 0.0106859 0.00742115 0 0.00742115
-2.48709 0.0109943 0.00795027 0 0.00795027
-2.74889 0.00556778 0.00742457 0 0.00742457
-3.01069 0.0159793 0.00673571 0 0.00673571
