3.01069 26140 161.679 14088 118.693
2.74889 13941 118.072 7829 88.4816
2.48709 8003 89.4595 4863 69.7352
2.2253 12843 113.327 7603 87.1952
1.9635 18065 134.406 9594 97.949
1.70169 15168 123.158 7719 87.8578
1.4399 16436 128.203 8605 92.7631
1.17809 16649 129.031 8639 92.9462
0.916292 16783 129.549 9138 95.5929
0.654503 15743 125.471 8596 92.7146
0.392699 18063 134.399 10081 100.404
0.130894 2224 47.1593 1401 37.4299
-0.130894 3083 55.5248 1676 40.939
-0.392699 7968 89.2637 3538 59.4811
-0.654503 17577 132.578 9104 95.4149
-0.916292 17976 134.075 9712 98.5495
-1.17809 17677 132.955 9150 95.6556
-1.4399 16377 127.973 8565 92.5473
-1.70169 20472 143.08 11013 104.943
-1.96349 13971 118.199 7246 85.1234
-2.22529 17128 130.874 9948 99.7397
-2.48709 15076 122.784 7951 89.1684
-2.74889 18400 135.647 9543 97.6883
-3.01069 21930 148.088 12324 111.014
