-3.01069 0.0142122 0.00959951 0 0.00959951
-2.74889 0.00617911 0.0135621 0 0.0135621
-2.48709 0.00822991 0.014999 0 0.014999
-2.22529 -0.000809271 0.0135922 0 0.0135922
-1.96349 0.0358171 0.0159788 0 0.0159788
-1.70169 -0.00588864 0.014588 0 0.014588
-1.4399 -0.00188329 0.0149107 0 0.0149107
-1.17809 0.00964996 0.0132093 0 0.0132093
-0.916292 0.018904 0.0137641 0 0.0137641
-0.654503 0.0139769 0.0147289 0 0.0147289
-0.392699 0.0056537 0.0308165 0 0.0308165
0.392699 0.0306381 0.0143725 0 0.0143725
0.654503 0.016421 0.0156598 0 0.0156598
0.916292 -0.00831923 0.0140703 0 0.0140703
1.17809 0.0330555 0.0140221 0 0.0140221
1.4399 0.0309219 0.0194836 0 0.0194836
1.70169 -0.00170949 0.0154435 0 0.0154435
1.9635 0.0242583 0.0128438 0 0.0128438
2.2253 0.0356953 0.0129654 0 0.0129654
2.48709 0.0178575 0.0148904 0 0.0148904
2.74889 0.0368687 0.0116421 0 0.0116421
3.01069 0.00777503 0.00918273 0 0.00918273
