-3.01069 11351 106.541 7563 86.9655
-2.74889 9315 96.5142 6542 80.8826
-2.48709 7953 89.1796 5504 74.1889
-2.22529 9159 95.7027 6573 81.074
-1.96349 7417 86.122 5107 71.4633
-1.70169 8488 92.1303 5925 76.974
-1.4399 7480 86.487 5264 72.5534
-1.17809 9214 95.9896 6161 78.492
-0.916292 9463 97.278 6530 80.8084
-0.654503 8291 91.0549 5683 75.3857
-0.392699 2743 52.3737 1835 42.8369
-0.130894 2698 51.9423 1526 39.064
0.130894 1391 37.2961 1167 34.1614
0.392699 8562 92.5311 6349 79.6806
0.654503 7893 88.8426 5600 74.8331
0.916292 8634 92.9193 6133 78.3135
1.17809 8278 90.9835 5559 74.5587
1.4399 5094 71.3723 3876 62.2575
1.70169 6917 83.1685 4905 70.0357
1.9635 9353 96.7109 6405 80.0312
2.2253 7582 87.0747 5414 73.5799
2.48709 5069 71.1969 5377 73.328
2.74889 7382 85.9186 5767 75.9408
3.01069 12793 113.106 9753 98.7573
