-3.01069 20125 141.863 15048 122.67
-2.74889 16949 130.188 11666 108.009
-2.48709 13565 116.469 9729 98.6357
-2.22529 15759 125.535 11530 107.378
-1.96349 12889 113.53 8740 93.488
-1.70169 18980 137.768 13321 115.417
-1.4399 14980 122.393 10332 101.646
-1.17809 16614 128.895 11137 105.532
-0.916292 17095 130.748 11374 106.649
-0.654503 16240 127.436 10907 104.437
-0.392699 7172 84.6877 4696 68.5274
-0.130894 2694 51.9038 2258 47.5184
0.130894 1908 43.6807 1822 42.6849
0.392699 16955 130.211 12061 109.823
0.654503 14680 121.161 10305 101.514
0.916292 15566 124.764 10970 104.738
1.17809 15480 124.419 10376 101.863
1.4399 15034 122.613 10596 102.937
1.70169 13674 116.936 9547 97.7088
1.9635 16790 129.576 11651 107.94
2.2253 12029 109.677 8875 94.2072
2.48709 7174 84.6995 5908 76.8635
2.74889 12366 111.203 9897 99.4837
3.01069 23164 152.197 17616 132.725
