-3.01069 0.00684918 0.00944102 0 0.00944102
-2.74889 -0.00699637 0.0141448 0 0.0141448
-2.48709 0.0156615 0.0151035 0 0.0151035
-2.22529 -0.00553675 0.0140539 0 0.0140539
-1.96349 -0.00255651 0.0161376 0 0.0161376
-1.70169 0.00127665 0.015069 0 0.015069
-1.4399 0.0048787 0.0153269 0 0.0153269
-1.17809 -0.0131825 0.0132899 0 0.0132899
-0.916292 0.0158613 0.0140805 0 0.0140805
-0.654503 0.019108 0.0148605 0 0.0148605
-0.392699 0.047704 0.0294564 0 0.0294564
0.392699 0.03647 0.015151 0 0.015151
0.654503 0.0108341 0.0163951 0 0.0163951
0.916292 0.0190782 0.0145335 0 0.0145335
1.17809 0.0294985 0.0143968 0 0.0143968
1.4399 0.0234189 0.0212571 0 0.0212571
1.70169 0.00921565 0.016391 0 0.016391
1.9635 0.0109023 0.0134252 0 0.0134252
2.2253 -0.00955685 0.0136433 0 0.0136433
2.48709 0.00682587 0.0176859 0 0.0176859
2.74889 0.0470475 0.0127696 0 0.0127696
3.01069 0.00373182 0.00944325 0 0.00944325
