-3.01069 0.0135612 0.00818977 0 0.00818977
-2.74889 0.0181682 0.00882497 0 0.00882497
-2.48709 0.00808114 0.00957456 0 0.00957456
-2.22529 -0.00213374 0.00871726 0 0.00871726
-1.96349 -0.00138548 0.0098932 0 0.0098932
-1.70169 0.011221 0.00924226 0 0.00924226
-1.4399 0.000718645 0.00975484 0 0.00975484
-1.17809 0.0034077 0.00902894 0 0.00902894
-0.916292 0.0132176 0.00881224 0 0.00881224
-0.654503 0.0121992 0.00944143 0 0.00944143
-0.392699 0.0173193 0.0166555 0 0.0166555
0.392699 0.0317006 0.00901443 0 0.00901443
0.654503 0.0148792 0.00952338 0 0.00952338
0.916292 0.0174387 0.0091113 0 0.0091113
1.17809 -0.00511438 0.00946465 0 0.00946465
1.4399 0.00328117 0.0113824 0 0.0113824
1.70169 0.00166339 0.0101102 0 0.0101102
1.9635 -0.00169609 0.00883278 0 0.00883278
2.2253 0.00457808 0.00963722 0 0.00963722
2.48709 0.00631214 0.00967857 0 0.00967857
2.74889 0.0247982 0.00942843 0 0.00942843
3.01069 0.0339729 0.00728083 0 0.00728083
