-3.01069 -0.0115437 0.00787765 0 0.00787765
-2.74889 -0.00797423 0.00871067 0 0.00871067
-2.48709 0.00967057 0.00954735 0 0.00954735
-2.22529 0.00375716 0.0088259 0 0.0088259
-1.96349 0.00114274 0.00985569 0 0.00985569
-1.70169 0.00840886 0.00920405 0 0.00920405
-1.4399 0.00819875 0.00954051 0 0.00954051
-1.17809 0.00681473 0.00901926 0 0.00901926
-0.916292 0.010806 0.00938403 0 0.00938403
-0.654503 0.00363258 0.00908989 0 0.00908989
-0.392699 0.00426704 0.0142251 0 0.0142251
0.392699 0.0179351 0.00837232 0 0.00837232
0.654503 0.00679371 0.00891475 0 0.00891475
0.916292 0.018394 0.00936535 0 0.00936535
1.17809 0.0242736 0.00931614 0 0.00931614
1.4399 0.00603006 0.00961397 0 0.00961397
1.70169 0.00153675 0.00934222 0 0.00934222
1.9635 0.0159857 0.0090129 0 0.0090129
2.2253 0.0182766 0.00988932 0 0.00988932
2.48709 0.00639468 0.0145295 0 0.0145295
2.74889 0.0368487 0.0103622 0 0.0103622
3.01069 0.0265194 0.00786985 0 0.00786985
