-3.01069 0.00690872 0.00666368 0 0.00666368
-2.74889 0.0137673 0.00738035 0 0.00738035
-2.48709 -0.00375262 0.00791857 0 0.00791857
-2.22529 -0.00970652 0.00735653 0 0.00735653
-1.96349 0.0101854 0.0082565 0 0.0082565
-1.70169 0.0126803 0.00772744 0 0.00772744
-1.4399 -0.0143166 0.00812085 0 0.00812085
-1.17809 0.0131496 0.00741848 0 0.00741848
-0.916292 0.0123923 0.00731758 0 0.00731758
-0.654503 0.0200655 0.00784623 0 0.00784623
-0.392699 -0.00948842 0.0134434 0 0.0134434
0.392699 0.0170195 0.00770996 0 0.00770996
0.654503 0.0285509 0.00807333 0 0.00807333
0.916292 0.0141141 0.00766712 0 0.00766712
1.17809 0.0224981 0.00786134 0 0.00786134
1.4399 0.0115285 0.00996906 0 0.00996906
1.70169 0.00336204 0.00852112 0 0.00852112
1.9635 0.0230389 0.00739772 0 0.00739772
2.2253 -0.00204803 0.00811695 0 0.00811695
2.48709 0.0113888 0.00999294 0 0.00999294
2.74889 0.0107934 0.00827849 0 0.00827849
3.01069 0.0224875 0.00632396 0 0.00632396
