-3.01069 11003 104.895 7972 89.2861
-2.74889 10478 102.362 6544 80.895
-2.48709 8332 91.2798 5544 74.458
-2.22529 9515 97.5449 6450 80.3119
-1.96349 7840 88.5438 5159 71.8262
-1.70169 9355 96.7212 5958 77.1881
-1.4399 8322 91.225 5544 74.458
-1.17809 9829 99.1413 6195 78.7083
-0.916292 9057 95.1683 5745 75.7958
-0.654503 9456 97.242 6080 77.9744
-0.392699 4115 64.1483 2484 49.8397
-0.130894 1389 37.2693 1198 34.6121
0.130894 595 24.3926 607 24.6374
0.392699 11085 105.285 7267 85.2467
0.654503 9636 98.1631 6341 79.6304
0.916292 8635 92.9247 5810 76.2234
1.17809 9151 95.6609 5904 76.8375
1.4399 7661 87.5271 5448 73.8106
1.70169 8265 90.912 5744 75.7892
1.9635 9541 97.678 6259 79.1138
2.2253 7599 87.1722 5210 72.1803
2.48709 3379 58.1292 2386 48.8467
2.74889 5931 77.013 4827 69.4766
3.01069 10714 103.508 8291 91.0549
