-3.01069 -0.000402914 0.00674374 0 0.00674374
-2.74889 0.00786414 0.00693891 0 0.00693891
-2.48709 0.0205856 0.00782881 0 0.00782881
-2.22529 0.0105407 0.00729104 0 0.00729104
-1.96349 0.0102276 0.00803088 0 0.00803088
-1.70169 0.0103028 0.00735226 0 0.00735226
-1.4399 0.00292662 0.007767 0 0.007767
-1.17809 -0.00129914 0.00713186 0 0.00713186
-0.916292 0.00887395 0.00746703 0 0.00746703
-0.654503 0.0145247 0.00732779 0 0.00732779
-0.392699 0.00548762 0.011059 0 0.011059
0.392699 0.00650433 0.00674182 0 0.00674182
0.654503 0.00511409 0.00722593 0 0.00722593
0.916292 0.0282082 0.00771751 0 0.00771751
1.17809 0.0244436 0.0074838 0 0.0074838
1.4399 0.00260854 0.00809382 0 0.00809382
1.70169 0.00804037 0.00781338 0 0.00781338
1.9635 0.00084355 0.00724645 0 0.00724645
2.2253 0.00416474 0.00813303 0 0.00813303
2.48709 -0.000549896 0.0121675 0 0.0121675
2.74889 -0.00376828 0.00916932 0 0.00916932
3.01069 0.0068134 0.00685854 0 0.00685854
