-3.01069 10990 104.833 8142 90.233
-2.74889 10294 101.459 6636 81.4616
-2.48709 7980 89.3308 5427 73.6682
-2.22529 9298 96.4261 6389 79.9312
-1.96349 7666 87.5557 5137 71.6729
-1.70169 9146 95.6347 5847 76.4657
-1.4399 8257 90.868 5443 73.7767
-1.17809 9835 99.1716 6099 78.0961
-0.916292 8880 94.2338 5611 74.9066
-0.654503 9167 95.7445 6024 77.6144
-0.392699 4062 63.7338 2458 49.5782
-0.130894 1341 36.6197 1228 35.0428
0.130894 586 24.2074 611 24.7184
0.392699 10920 104.499 6997 83.6481
0.654503 9519 97.5654 6243 79.0127
0.916292 8145 90.2497 5589 74.7596
1.17809 8697 93.2577 5613 74.92
1.4399 7606 87.2124 5372 73.2939
1.70169 8117 90.0944 5715 75.5976
1.9635 9506 97.4987 6050 77.7817
2.2253 7521 86.7237 5013 70.8025
2.48709 3376 58.1034 2351 48.4871
2.74889 5964 77.2269 4475 66.8954
3.01069 10548 102.703 7847 88.5833
