-3.01069 19721 140.431 14422 120.092
-2.74889 16913 130.05 11203 105.844
-2.48709 13898 117.89 9547 97.7088
-2.22529 15922 126.182 11474 107.117
-1.96349 12858 113.393 8831 93.9734
-1.70169 18841 137.263 12953 113.811
-1.4399 14913 122.119 10135 100.673
-1.17809 16268 127.546 10797 103.909
-0.916292 16711 129.271 11176 105.717
-0.654503 16228 127.389 10750 103.682
-0.392699 7045 83.9345 4592 67.7643
-0.130894 2497 49.97 2261 47.55
0.130894 1836 42.8486 1816 42.6146
0.392699 16596 128.825 11542 107.434
0.654503 14222 119.256 10030 100.15
0.916292 15284 123.628 10729 103.581
1.17809 15263 123.544 10225 101.119
1.4399 14778 121.565 10051 100.255
1.70169 13647 116.82 9456 97.242
1.9635 16354 127.883 11275 106.184
2.2253 11727 108.291 8824 93.9361
2.48709 7197 84.8351 5737 75.743
2.74889 11911 109.138 9456 97.242
3.01069 22443 149.81 17080 130.69
