-3.01069 0.00914512 0.00501041 0 0.00501041
-2.74889 6.91277e-05 0.00543514 0 0.00543514
-2.48709 -0.0131193 0.00603446 0 0.00603446
-2.22529 -0.00613902 0.00561892 0 0.00561892
-1.96349 0.000210013 0.00623288 0 0.00623288
-1.70169 0.00268121 0.00514292 0 0.00514292
-1.4399 0.00124732 0.00578464 0 0.00578464
-1.17809 0.00952856 0.00551532 0 0.00551532
-0.916292 0.010365 0.00543941 0 0.00543941
-0.654503 -0.000624417 0.00555055 0 0.00555055
-0.392699 0.00793903 0.00838715 0 0.00838715
0.392699 0.00970622 0.00546005 0 0.00546005
0.654503 0.0148529 0.00588237 0 0.00588237
0.916292 0.00814707 0.00569407 0 0.00569407
1.17809 0.00606455 0.00570407 0 0.00570407
1.4399 0.0075932 0.00579235 0 0.00579235
1.70169 -5.76017e-06 0.00605071 0 0.00605071
1.9635 0.0121609 0.00549335 0 0.00549335
2.2253 0.0117187 0.00648838 0 0.00648838
2.48709 -0.00259445 0.00834224 0 0.00834224
2.74889 0.0177483 0.00641789 0 0.00641789
3.01069 0.0148152 0.00468311 0 0.00468311
