-3.01069 0.0202484 0.00582491 0 0.00582491
-2.74889 0.0192521 0.00661225 0 0.00661225
-2.48709 0.00844786 0.00720308 0 0.00720308
-2.22529 0.00144035 0.00659395 0 0.00659395
-1.96349 -0.00617297 0.00754443 0 0.00754443
-1.70169 0.0130124 0.00616962 0 0.00616962
-1.4399 0.00863132 0.00699039 0 0.00699039
-1.17809 0.0145073 0.00675222 0 0.00675222
-0.916292 0.00778654 0.00665983 0 0.00665983
-0.654503 0.00625542 0.00679577 0 0.00679577
-0.392699 0.0102033 0.0103762 0 0.0103762
0.392699 0.0209952 0.00650846 0 0.00650846
0.654503 0.0125296 0.0070128 0 0.0070128
0.916292 0.0101126 0.00678901 0 0.00678901
1.17809 0.00633578 0.00696775 0 0.00696775
1.4399 0.0254027 0.006958 0 0.006958
1.70169 0.00379472 0.00725481 0 0.00725481
1.9635 0.0154068 0.00660447 0 0.00660447
2.2253 0.00188751 0.00751729 0 0.00751729
2.48709 0.0136906 0.00926657 0 0.00926657
2.74889 0.0217936 0.00718739 0 0.00718739
3.01069 0.0144547 0.00536895 0 0.00536895
