-3.01069 5566 74.6056 5343 73.0958
-2.74889 2514 50.1398 2699 51.9519
-2.48709 2155 46.422 2202 46.9255
-2.22529 2543 50.4282 2706 52.0192
-1.96349 1923 43.852 1884 43.4051
-1.70169 2197 46.8722 2361 48.5901
-1.4399 2116 46 2251 47.4447
-1.17809 2865 53.5257 2835 53.2447
-0.916292 2479 49.7896 2586 50.8527
-0.654503 2218 47.0956 2270 47.6445
-0.392699 547 23.388 523 22.8692
-0.130894 1530 39.1152 1428 37.7889
0.130894 380 19.4936 496 22.2711
0.392699 2094 45.7602 2342 48.3942
0.654503 1838 42.8719 2003 44.7549
0.916292 2319 48.156 2544 50.4381
1.17809 2337 48.3425 2454 49.5379
1.4399 1079 32.8481 1274 35.6931
1.70169 1842 42.9185 2098 45.8039
1.9635 2741 52.3546 2953 54.3415
2.2253 2709 52.0481 2862 53.4977
2.48709 1586 39.8246 2212 47.0319
2.74889 2913 53.9722 3545 59.5399
3.01069 5581 74.7061 5878 76.6681
