-3.01069 -0.00322194 0.0130915 0 0.0130915
-2.74889 -0.00450003 0.0139565 0 0.0139565
-2.48709 -0.00426411 0.0147652 0 0.0147652
-2.22529 0.00739934 0.0141365 0 0.0141365
-1.96349 -0.0300502 0.016549 0 0.016549
-1.70169 -0.00393318 0.0150364 0 0.0150364
-1.4399 -0.0112661 0.0160242 0 0.0160242
-1.17809 0.0238108 0.0147471 0 0.0147471
-0.916292 0.000289686 0.0160234 0 0.0160234
-0.654503 -0.00702845 0.0146804 0 0.0146804
-0.392699 0.00840735 0.0222438 0 0.0222438
0.392699 0.0253687 0.0132534 0 0.0132534
0.654503 0.0125595 0.0140146 0 0.0140146
0.916292 0.0429187 0.0146949 0 0.0146949
1.17809 0.034877 0.0143914 0 0.0143914
1.4399 -0.00368719 0.0143935 0 0.0143935
1.70169 0.00991023 0.0150719 0 0.0150719
1.9635 -0.0108741 0.0144981 0 0.0144981
2.2253 0.0348155 0.0162174 0 0.0162174
2.48709 -0.0193157 0.0219539 0 0.0219539
2.74889 0.0212287 0.0197412 0 0.0197412
3.01069 -0.0222701 0.0144392 0 0.0144392
