-3.01069 5654 75.1931 5508 74.2159
-2.74889 2484 49.8397 2738 52.3259
-2.48709 2228 47.2017 2243 47.3603
-2.22529 2520 50.1996 2707 52.0288
-1.96349 1917 43.7836 2028 45.0333
-1.70169 2207 46.9787 2338 48.3529
-1.4399 2141 46.2709 2247 47.4025
-1.17809 2796 52.8772 2896 53.8145
-0.916292 2564 50.636 2691 51.8748
-0.654503 2309 48.0521 2339 48.3632
-0.392699 603 24.5561 530 23.0217
-0.130894 1723 41.509 1523 39.0256
0.130894 436 20.8806 575 23.9792
0.392699 2257 47.5079 2495 49.95
0.654503 1882 43.382 2074 45.5412
0.916292 2414 49.1325 2507 50.07
1.17809 2484 49.8397 2627 51.2543
1.4399 1133 33.6601 1358 36.8511
1.70169 1880 43.359 2095 45.7712
1.9635 2807 52.9811 3106 55.7315
2.2253 2663 51.6043 3080 55.4977
2.48709 1611 40.1373 2297 47.927
2.74889 3207 56.6304 3824 61.8385
3.01069 5634 75.06 5982 77.3434
