-3.01069 -0.00289051 0.0116393 0 0.0116393
-2.74889 -0.0117518 0.0110562 0 0.0110562
-2.48709 -0.00655666 0.011943 0 0.011943
-2.22529 -0.00779668 0.0115493 0 0.0115493
-1.96349 0.026294 0.0133508 0 0.0133508
-1.70169 -0.00370484 0.0122723 0 0.0122723
-1.4399 -0.00686819 0.0131442 0 0.0131442
-1.17809 0.0141323 0.0113697 0 0.0113697
-0.916292 0.0142722 0.0126758 0 0.0126758
-0.654503 0.00418736 0.0119973 0 0.0119973
-0.392699 -0.00131198 0.0178318 0 0.0178318
0.392699 -0.00825628 0.0104898 0 0.0104898
0.654503 0.00357334 0.0111108 0 0.0111108
0.916292 -0.011843 0.0120267 0 0.0120267
1.17809 0.0133296 0.011792 0 0.011792
1.4399 -0.00620305 0.0118654 0 0.0118654
1.70169 0.00775148 0.0126099 0 0.0126099
1.9635 -0.00669275 0.0116485 0 0.0116485
2.2253 0.0188402 0.0130183 0 0.0130183
2.48709 -0.00864422 0.019086 0 0.019086
2.74889 0.00427647 0.0166553 0 0.0166553
3.01069 -0.00243933 0.0126728 0 0.0126728
