-3.01069 11173 105.702 7346 85.7088
-2.74889 9044 95.0999 6296 79.3473
-2.48709 7997 89.4259 5405 73.5187
-2.22529 9320 96.5401 6588 81.1665
-1.96349 7253 85.1645 5111 71.4913
-1.70169 8259 90.879 5782 76.0395
-1.4399 7682 87.647 5246 72.4293
-1.17809 8957 94.6414 6107 78.1473
-0.916292 9213 95.9844 6347 79.6681
-0.654503 7949 89.1572 5535 74.3976
-0.392699 2790 52.8205 1769 42.0595
-0.130894 2569 50.6853 1396 37.3631
0.130894 1368 36.9865 1136 33.7046
0.392699 8259 90.879 5947 77.1168
0.654503 7440 86.2554 5425 73.6546
0.916292 8377 91.526 5911 76.883
1.17809 7898 88.8707 5605 74.8665
1.4399 4968 70.484 3843 61.9919
1.70169 6857 82.807 4879 69.8498
1.9635 8914 94.414 6414 80.0875
2.2253 7598 87.1665 5354 73.171
2.48709 4945 70.3207 5299 72.7942
2.74889 7210 84.9117 5477 74.0068
3.01069 12206 110.481 9094 95.3625
