-3.01069 12268.7 110.764 9078.51 95.2812
-2.74889 11147.7 105.583 7743.26 87.9958
-2.48709 9190.37 95.8664 5592 74.7797
-2.22529 9678.68 98.3803 7892.57 88.8402
-1.96349 8737.05 93.4722 5722.71 75.6486
-1.70169 11881.5 109.002 7305.05 85.4696
-1.4399 9064.09 95.2055 6713.3 81.9348
-1.17809 11051.7 105.127 7255.67 85.1802
-0.916292 10368.7 101.827 6894.37 83.0323
-0.654503 12786.8 113.079 4724.29 68.7335
-0.392699 5101.35 71.4237 2853.3 53.4163
-0.130894 519 22.7816 170 13.0384
0.130894 153 12.3693 57 7.54983
0.392699 11483.8 107.163 8474.55 92.0573
0.654503 11434.7 106.933 5435.98 73.7291
0.916292 9390.3 96.9036 6482.79 80.5158
1.17809 12009.5 109.588 4626.17 68.0159
1.4399 8790.65 93.7585 6959.14 83.4215
1.70169 10108.9 100.543 5050.09 71.064
1.9635 10687.3 103.379 7331.28 85.6229
2.2253 8990.12 94.8162 4658.57 68.2537
2.48709 4580.86 67.6821 2252.35 47.459
2.74889 6094.05 78.0644 6045.21 77.751
3.01069 10819.2 104.015 11181.6 105.743
