-3.01069 8001.02 89.4484 13252.4 115.119
-2.74889 7275.29 85.2953 9795.42 98.9718
-2.48709 7295.53 85.4139 7511.68 86.6699
-2.22529 8433.88 91.8362 8136.23 90.2011
-1.96349 6244.82 79.0242 6865.64 82.8592
-1.70169 7725.93 87.8973 8785.28 93.7298
-1.4399 6595.17 81.2106 7957.08 89.2025
-1.17809 7222.29 84.9841 9529.18 97.6175
-0.916292 9091.28 95.3482 8233.57 90.739
-0.654503 6563.93 81.0181 8956.83 94.6405
-0.392699 3964.87 62.9672 1627.88 40.347
-0.130894 519 22.7816 170 13.0384
0.130894 153 12.3693 57 7.54983
0.392699 7396.22 86.0013 7914.32 88.9624
0.654503 5915.87 76.9147 7973.17 89.2926
0.916292 7413.21 86.1 8249.88 90.8288
1.17809 5945.46 77.1068 9032.91 95.0416
1.4399 4177.08 64.6303 6678.55 81.7224
1.70169 5906.82 76.8558 7284.52 85.3494
1.9635 6989.27 83.6019 9558.5 97.7676
2.2253 5553.19 74.5197 7739.66 87.9753
2.48709 3090.67 55.5938 5544.86 74.4638
2.74889 3996.92 63.2212 9083.15 95.3055
3.01069 6669.47 81.6668 16745.5 129.404
