-3.01069 2044.2 45.2129 1482.25 38.5
-2.74889 2709.64 52.0542 1281.98 35.8048
-2.48709 2034.02 45.1002 1354.19 36.7993
-2.22529 2239.42 47.3225 1380.59 37.1563
-1.96349 1554.6 39.4284 1067.28 32.6692
-1.70169 1946.42 44.1182 1246.69 35.3085
-1.4399 1731.33 41.6093 1073.97 32.7715
-1.17809 2403.38 49.0242 1255.9 35.4387
-0.916292 1791.41 42.3251 1124.06 33.527
-0.654503 1976.85 44.4618 1333.06 36.5111
-0.392699 1074.75 32.7834 442.304 21.031
-0.130894 519 22.7816 170 13.0384
0.130894 153 12.3693 57 7.54983
0.392699 2804.87 52.9611 1572.87 39.6594
0.654503 2513.86 50.1384 1373.05 37.0547
0.916292 2199.57 46.8996 1102.19 33.1992
1.17809 2090.94 45.7268 1298.02 36.0281
1.4399 2288.68 47.8402 1129.56 33.609
1.70169 1779.05 42.1787 1211.59 34.8079
1.9635 2392.07 48.9088 1201.11 34.657
2.2253 1737.07 41.6782 1041.94 32.279
2.48709 692.355 26.3126 616.214 24.8236
2.74889 1326.12 36.4159 413.307 20.3299
3.01069 2384.49 48.8312 589.907 24.288
