-3.01069 834.787 28.8927 1462.63 38.2443
-2.74889 433.99 20.8324 395.693 19.892
-2.48709 340.491 18.4524 399.454 19.9864
-2.22529 388.084 19.6999 465.417 21.5735
-1.96349 250.072 15.8137 376.832 19.4122
-1.70169 415.321 20.3794 320.012 17.8889
-1.4399 273.989 16.5526 453.982 21.3068
-1.17809 432.552 20.7979 501.764 22.4001
-0.916292 346.427 18.6125 481.954 21.9534
-0.654503 404.273 20.1065 330.392 18.1767
-0.392699 96.9916 9.84843 81.9744 9.05397
-0.130894 519 22.7816 170 13.0384
0.130894 153 12.3693 57 7.54983
0.392699 336.789 18.3518 344.92 18.572
0.654503 319.551 17.876 293.537 17.1329
0.916292 461.377 21.4797 322.29 17.9524
1.17809 247.406 15.7292 560.275 23.6701
1.4399 150.521 12.2687 186.069 13.6407
1.70169 324.472 18.0131 300.011 17.3208
1.9635 370.808 19.2564 591.415 24.319
2.2253 482.517 21.9663 525.409 22.9218
2.48709 210.242 14.4997 363.446 19.0643
2.74889 383.752 19.5896 788.896 28.0873
3.01069 1120.04 33.467 1257.77 35.4651
