-3.01069 856.074 29.2587 1457.87 38.182
-2.74889 402.999 20.0748 419.153 20.4732
-2.48709 324.45 18.0125 415.104 20.3741
-2.22529 354.337 18.8238 478.079 21.865
-1.96349 237.605 15.4144 416.023 20.3967
-1.70169 388.186 19.7024 323.531 17.987
-1.4399 262.852 16.2127 445.204 21.0999
-1.17809 464.98 21.5634 509.012 22.5613
-0.916292 428.397 20.6978 491.666 22.1735
-0.654503 464.846 21.5603 338.897 18.4092
-0.392699 111.75 10.5712 76.3022 8.73511
-0.130894 519 22.7816 170 13.0384
0.130894 153 12.3693 57 7.54983
0.392699 347.961 18.6537 375.947 19.3894
0.654503 331.914 18.2185 316.922 17.8023
0.916292 491.314 22.1656 320.577 17.9047
1.17809 284.11 16.8556 594.119 24.3746
1.4399 189.617 13.7702 192.904 13.889
1.70169 340.089 18.4415 296.656 17.2237
1.9635 338.455 18.3971 634.395 25.1872
2.2253 458.985 21.4239 569.162 23.8571
2.48709 234.915 15.3269 377.833 19.4379
2.74889 400.693 20.0173 888.991 29.816
3.01069 1121.87 33.4944 1268.38 35.6144
