-3.01069 7896.69 88.8633 13730.7 117.178
-2.74889 7157.43 84.6016 10103.3 100.515
-2.48709 6966.42 83.4651 7754.57 88.06
-2.22529 8124.23 90.1345 8195.38 90.5283
-1.96349 6281.18 79.2539 6982.31 83.5602
-1.70169 7868.16 88.7026 8884.65 94.2584
-1.4399 6670.47 81.673 7896 88.8594
-1.17809 7262.9 85.2226 9747.33 98.7286
-0.916292 8942.22 94.5633 8480.62 92.0903
-0.654503 6810.65 82.5267 9135.24 95.5785
-0.392699 3902.97 62.4738 1680.9 40.9988
-0.130894 519 22.7816 170 13.0384
0.130894 153 12.3693 57 7.54983
0.392699 7395.47 85.9969 8367.77 91.4755
0.654503 6323.8 79.5224 8128.05 90.1557
0.916292 7650.61 87.4677 8371.69 91.4969
1.17809 6278.53 79.2372 9194.05 95.8856
1.4399 4470.47 66.8616 6917.46 83.1712
1.70169 5880.62 76.6852 7370.67 85.8526
1.9635 7203.04 84.8707 9786.14 98.9249
2.2253 5565.54 74.6025 7858.2 88.6465
2.48709 3209.12 56.6491 5582.86 74.7185
2.74889 4193.43 64.7567 9462.8 97.2769
3.01069 6835.12 82.6748 17635.7 132.8
