-3.01069 12350.9 111.134 9217.39 96.0073
-2.74889 11105.3 105.382 7910.76 88.9424
-2.48709 9296.78 96.4198 5643.52 75.1234
-2.22529 9944.28 99.721 7861.65 88.6659
-1.96349 8863 94.1435 5680.62 75.3699
-1.70169 12134 110.155 7490.69 86.5488
-1.4399 9200.6 95.9197 6792.32 82.4155
-1.17809 10919.8 104.498 7489.18 86.5401
-0.916292 10739.9 103.633 7093.53 84.2231
-0.654503 12769.4 113.002 4838.21 69.5572
-0.392699 5235.18 72.3546 2883.47 53.6979
-0.130894 519 22.7816 170 13.0384
0.130894 153 12.3693 57 7.54983
0.392699 11361.4 106.59 8931.85 94.5085
0.654503 11703.6 108.183 5591.71 74.7777
0.916292 9764.44 98.8152 6761.86 82.2306
1.17809 12507.6 111.837 4762.29 69.0094
1.4399 8475.2 92.0608 7214.99 84.9411
1.70169 10451.6 102.233 4995.39 70.678
1.9635 10870.6 104.262 7507.93 86.6483
2.2253 8950.95 94.6094 4806.43 69.3284
2.48709 4565.72 67.5701 2328.78 48.2574
2.74889 5761.17 75.9024 6507.53 80.6693
3.01069 10619.9 103.053 11789.2 108.578
