3.01069 26132 161.654 20181 142.06
2.74889 14734 121.384 11841 108.816
2.48709 9401 96.9588 9415 97.0309
2.2253 14334 119.725 10736 103.615
1.9635 18014 134.216 13092 114.42
1.70169 14219 119.243 10126 100.628
1.4399 11945 109.293 8978 94.7523
1.17809 16330 127.789 11532 107.387
0.916292 17063 130.625 12080 109.909
0.654503 15274 123.588 11194 105.802
0.392699 16579 128.759 12400 111.355
0.130894 2574 50.7346 2318 48.1456
-0.130894 4740 68.8477 3105 55.7225
-0.392699 6142 78.3709 4044 63.5925
-0.654503 16897 129.988 11691 108.125
-0.916292 18499 136.011 13245 115.087
-1.17809 18135 134.666 12544 112
-1.4399 15535 124.639 10894 104.374
-1.70169 17776 133.327 12960 113.842
-1.96349 14087 118.689 10110 100.548
-2.22529 17749 133.225 13090 114.412
-2.48709 15943 126.266 11137 105.532
-2.74889 18246 135.078 12939 113.75
-3.01069 22837 151.119 16119 126.961
