3.01069 2527 50.2693 3172 56.3205
2.74889 1350 36.7423 1928 43.909
2.48709 631 25.1197 1113 33.3617
2.2253 1149 33.8969 1561 39.5095
1.9635 1113 33.3617 1556 39.4462
1.70169 710 26.6458 1028 32.0624
1.4399 407 20.1742 638 25.2587
1.17809 971 31.1609 1274 35.6931
0.916292 846 29.0861 1244 35.2704
0.654503 701 26.4764 946 30.7571
0.392699 793 28.1603 1100 33.1662
0.130894 161 12.6886 280 16.7332
-0.130894 735 27.1109 822 28.6705
-0.392699 224 14.9666 239 15.4596
-0.654503 851 29.1719 1067 32.665
-0.916292 968 31.1127 1276 35.7211
-1.17809 1064 32.619 1370 37.0135
-1.4399 810 28.4605 1062 32.5883
-1.70169 780 27.9285 1109 33.3017
-1.96349 743 27.258 906 30.0998
-2.22529 945 30.7409 1209 34.7707
-2.48709 799 28.2666 1088 32.9848
-2.74889 961 31 1288 35.8887
-3.01069 2566 50.6557 2973 54.5252
