3.01069 3122 55.8749 2416 49.1528
2.74889 1853 43.0465 1320 36.3318
2.48709 1365 36.9459 1028 32.0624
2.2253 2943 54.2494 1913 43.7379
1.9635 3782 61.498 2385 48.8365
1.70169 3163 56.2406 2211 47.0213
1.4399 3583 59.8582 2388 48.8672
1.17809 3596 59.9667 2411 49.1019
0.916292 3492 59.0931 2242 47.3498
0.654503 4007 63.3009 2516 50.1597
0.392699 4505 67.1193 2812 53.0283
0.130894 186 13.6382 152 12.3288
-0.130894 510 22.5832 409 20.2237
-0.392699 1615 40.1871 1004 31.686
-0.654503 3517 59.3043 2341 48.3839
-0.916292 3078 55.4797 1940 44.0454
-1.17809 3920 62.6099 2334 48.3115
-1.4399 2909 53.9351 1917 43.7836
-1.70169 3306 57.4978 2262 47.5605
-1.96349 2765 52.5833 1811 42.5558
-2.22529 3740 61.1555 2451 49.5076
-2.48709 3522 59.3464 2320 48.1664
-2.74889 4056 63.6867 2492 49.9199
-3.01069 3687 60.7207 2912 53.963
