3.01069 22820 151.063 17222 131.233
2.74889 12420 111.445 9704 98.5089
2.48709 7068 84.0714 5372 73.2939
2.2253 14219 119.243 10004 100.02
1.9635 18893 137.452 12249 110.675
1.70169 15801 125.702 10949 104.637
1.4399 16287 127.621 11413 106.832
1.17809 17562 132.522 11233 105.986
0.916292 16701 129.232 11471 107.103
0.654503 17722 133.124 11963 109.375
0.392699 20968 144.803 13869 117.767
0.130894 1511 38.8716 1594 39.9249
-0.130894 2740 52.345 2521 50.2096
-0.392699 8218 90.6532 5184 72
-0.654503 18259 135.126 11844 108.83
-0.916292 18230 135.019 11647 107.921
-1.17809 19242 138.716 12223 110.558
-1.4399 16585 128.783 11155 105.617
-1.70169 20337 142.608 13323 115.425
-1.96349 15028 122.589 9964 99.8198
-2.22529 18570 136.272 12905 113.6
-2.48709 15450 124.298 10542 102.674
-2.74889 19716 140.414 12793 113.106
-3.01069 22381 149.603 16515 128.511
