3.01069 25194 158.726 19033 137.96
2.74889 13957 118.14 11123 105.466
2.48709 9196 95.8958 9085 95.3153
2.2253 14235 119.311 10454 102.245
1.9635 17853 133.615 12911 113.627
1.70169 13891 117.86 10090 100.449
1.4399 11801 108.632 8727 93.4184
1.17809 16245 127.456 11393 106.738
0.916292 16954 130.208 12228 110.58
0.654503 14916 122.131 11000 104.881
0.392699 16546 128.631 12099 109.995
0.130894 2522 50.2195 2260 47.5395
-0.130894 4631 68.0515 2861 53.4883
-0.392699 5957 77.1816 3911 62.538
-0.654503 16635 128.977 11657 107.968
-0.916292 18454 135.846 12810 113.181
-1.17809 17862 133.649 12301 110.91
-1.4399 15492 124.467 10951 104.647
-1.70169 17617 132.729 12539 111.978
-1.96349 14041 118.495 9871 99.3529
-2.22529 17465 132.155 12895 113.556
-2.48709 15558 124.732 10899 104.398
-2.74889 18330 135.388 13048 114.228
-3.01069 22374 149.579 15765 125.559
