3.01069 2782 52.7447 3464 58.8558
2.74889 1467 38.3014 2151 46.3789
2.48709 720 26.8328 1152 33.9411
2.2253 1144 33.8231 1574 39.6737
1.9635 1109 33.3017 1537 39.2046
1.70169 722 26.8701 1046 32.3419
1.4399 420 20.4939 616 24.8193
1.17809 933 30.545 1244 35.2704
0.916292 919 30.315 1214 34.8425
0.654503 685 26.1725 930 30.4959
0.392699 808 28.4253 1186 34.4384
0.130894 170 13.0384 265 16.2788
-0.130894 796 28.2135 905 30.0832
-0.392699 199 14.1067 223 14.9332
-0.654503 864 29.3939 1119 33.4515
-0.916292 975 31.225 1198 34.6121
-1.17809 1096 33.1059 1429 37.8021
-1.4399 807 28.4077 1133 33.6601
-1.70169 826 28.7402 1153 33.9559
-1.96349 682 26.1151 930 30.4959
-2.22529 939 30.6431 1278 35.7491
-2.48709 884 29.7321 1047 32.3574
-2.74889 907 30.1164 1330 36.4692
-3.01069 2606 51.049 3114 55.8032
