3.01069 23536 153.414 18156 134.744
2.74889 12892 113.543 10251 101.247
2.48709 7294 85.4049 5308 72.856
2.2253 14304 119.599 10145 100.722
1.9635 18988 137.797 12647 112.459
1.70169 15836 125.841 11119 105.447
1.4399 16484 128.39 11410 106.818
1.17809 17518 132.356 11581 107.615
0.916292 16874 129.9 11874 108.968
0.654503 17795 133.398 11936 109.252
0.392699 21015 144.966 14291 119.545
0.130894 1557 39.4588 1498 38.704
-0.130894 2780 52.7257 2529 50.2892
-0.392699 8333 91.2853 5271 72.6017
-0.654503 18331 135.392 12142 110.191
-0.916292 18315 135.333 11804 108.646
-1.17809 18957 137.684 12275 110.793
-1.4399 16641 129 11203 105.844
-1.70169 20122 141.852 13339 115.495
-1.96349 15169 123.162 10182 100.906
-2.22529 18356 135.484 12967 113.873
-2.48709 15452 124.306 10830 104.067
-2.74889 19805 140.73 12852 113.367
-3.01069 22722 150.738 16556 128.67
