-3.01069 1736 41.6653 3977 63.0635
-2.74889 638 25.2587 1648 40.5956
-2.48709 578 24.0416 1353 36.7831
-2.22529 645 25.3969 1539 39.2301
-1.96349 514 22.6716 1189 34.4819
-1.70169 549 23.4307 1382 37.1753
-1.4399 538 23.1948 1364 36.9324
-1.17809 770 27.7489 1759 41.9404
-0.916292 737 27.1477 1572 39.6485
-0.654503 617 24.8395 1400 37.4166
-0.392699 156 12.49 282 16.7929
-0.130894 560 23.6643 1150 33.9116
0.130894 119 10.9087 337 18.3576
0.392699 596 24.4131 1443 37.9868
0.654503 503 22.4277 1209 34.7707
0.916292 643 25.3574 1478 38.4448
1.17809 681 26.096 1614 40.1746
1.4399 293 17.1172 793 28.1603
1.70169 490 22.1359 1280 35.7771
1.9635 736 27.1293 1965 44.3283
2.2253 803 28.3373 1991 44.6206
2.48709 454 21.3073 1420 37.6829
2.74889 928 30.4631 2714 52.0961
3.01069 1776 42.1426 4262 65.284
