-3.01069 22445 149.817 17353 131.731
-2.74889 19618 140.064 13440 115.931
-2.48709 15757 125.527 10714 103.508
-2.22529 18446 135.816 13306 115.352
-1.96349 15239 123.446 9924 99.6193
-1.70169 20210 142.162 13938 118.059
-1.4399 16684 129.167 11485 107.168
-1.17809 19025 137.931 12752 112.925
-0.916292 18081 134.466 12632 112.392
-0.654503 18044 134.328 12691 112.654
-0.392699 8807 93.8456 4818 69.4118
-0.130894 3065 55.3624 2282 47.7703
0.130894 1708 41.328 1438 37.921
0.392699 20950 144.741 14808 121.688
0.654503 17848 133.596 12415 111.423
0.916292 17097 130.755 12190 110.408
1.17809 17723 133.128 11979 109.449
1.4399 16651 129.039 11433 106.925
1.70169 16287 127.621 10893 104.37
1.9635 19170 138.456 12718 112.774
2.2253 14002 118.33 10785 103.851
2.48709 7239 85.0823 5458 73.8783
2.74889 13461 116.022 9738 98.6813
3.01069 24269 155.785 17683 132.977
