-3.01069 19679 140.282 18779 137.036
-2.74889 16143 127.055 15005 122.495
-2.48709 13940 118.068 12380 111.265
-2.22529 15227 123.398 14732 121.375
-1.96349 12579 112.156 11166 105.669
-1.70169 15747 125.487 14383 119.929
-1.4399 13694 117.021 12275 110.793
-1.17809 16042 126.657 14295 119.562
-0.916292 16325 127.769 14945 122.25
-0.654503 15046 122.662 13324 115.43
-0.392699 5663 75.2529 4113 64.1327
-0.130894 4449 66.7008 3274 57.2189
0.130894 2344 48.4149 2387 48.8569
0.392699 14756 121.474 14127 118.857
0.654503 13722 117.141 12411 111.405
0.916292 14998 122.466 13912 117.949
1.17809 14350 119.791 13282 115.248
1.4399 10864 104.231 9862 99.3076
1.70169 12535 111.96 11206 105.858
1.9635 16037 126.637 14750 121.45
2.2253 12489 111.754 12102 110.009
2.48709 8256 90.8625 10045 100.225
2.74889 12921 113.671 12844 113.331
3.01069 23007 151.681 22380 149.599
