-3.01069 21927 148.078 17408 131.939
-2.74889 19563 139.868 13034 114.167
-2.48709 15513 124.551 10564 102.781
-2.22529 18028 134.268 13456 116
-1.96349 15211 123.333 9910 99.549
-1.70169 19887 141.021 13552 116.413
-1.4399 16343 127.84 11498 107.229
-1.17809 18863 137.343 12490 111.759
-0.916292 17604 132.68 12235 110.612
-0.654503 18074 134.44 12411 111.405
-0.392699 8644 92.9731 4797 69.2604
-0.130894 2979 54.5802 2242 47.3498
0.130894 1627 40.3361 1400 37.4166
0.392699 20589 143.489 14168 119.029
0.654503 17398 131.901 12065 109.841
0.916292 16453 128.269 11695 108.143
1.17809 17080 130.69 11553 107.485
1.4399 16689 129.186 11142 105.556
1.70169 15993 126.463 10861 104.216
1.9635 18778 137.033 12488 111.75
2.2253 13992 118.288 10401 101.985
2.48709 7239 85.0823 5278 72.6498
2.74889 13119 114.538 9334 96.6126
3.01069 23643 153.763 17093 130.74
