-3.01069 19211 138.604 18312 135.322
-2.74889 16067 126.756 14460 120.25
-2.48709 14105 118.764 12088 109.945
-2.22529 15484 124.435 14665 121.099
-1.96349 12412 111.409 10909 104.446
-1.70169 15535 124.639 14113 118.798
-1.4399 13716 117.115 12306 110.932
-1.17809 15744 125.475 13904 117.915
-0.916292 16185 127.22 14697 121.231
-0.654503 14615 120.893 12988 113.965
-0.392699 5639 75.0933 4078 63.8592
-0.130894 4214 64.9153 3072 55.4256
0.130894 2302 47.9792 2364 48.621
0.392699 14374 119.892 13397 115.745
0.654503 13226 115.004 12018 109.627
0.916292 14817 121.725 13560 116.447
1.17809 13955 118.131 12909 113.618
1.4399 10345 101.71 9474 97.3345
1.70169 12546 112.009 11047 105.105
1.9635 15598 124.892 14336 119.733
2.2253 12419 111.441 11806 108.655
2.48709 8098 89.9889 9953 99.7647
2.74889 12401 111.36 12331 111.045
3.01069 21928 148.081 21427 146.38
