-3.01069 1699 41.2189 3957 62.9047
-2.74889 658 25.6515 1560 39.4968
-2.48709 608 24.6577 1304 36.1109
-2.22529 676 26 1534 39.1663
-1.96349 506 22.4944 1091 33.0303
-1.70169 583 24.1454 1372 37.0405
-1.4399 569 23.8537 1369 37
-1.17809 720 26.8328 1721 41.4849
-0.916292 661 25.7099 1492 38.6264
-0.654503 593 24.3516 1347 36.7015
-0.392699 149 12.2066 299 17.2916
-0.130894 472 21.7256 1079 32.8481
0.130894 104 10.198 311 17.6352
0.392699 519 22.7816 1367 36.973
0.654503 480 21.9089 1143 33.8083
0.916292 606 24.6171 1505 38.7943
1.17809 640 25.2982 1521 39
1.4399 273 16.5227 747 27.3313
1.70169 481 21.9317 1267 35.5949
1.9635 709 26.6271 1910 43.7035
2.2253 767 27.6948 1890 43.4741
2.48709 441 21 1345 36.6742
2.74889 891 29.8496 2410 49.0918
3.01069 1759 41.9404 4274 65.3758
