-3.01069 11099.7 105.355 9794.9 98.9692
-2.74889 10682.7 103.357 8045.32 89.6957
-2.48709 9118.35 95.49 5762.76 75.9128
-2.22529 9321.26 96.5467 8102.65 90.0147
-1.96349 8748.53 93.5336 5850.02 76.4854
-1.70169 11455.5 107.031 7533.65 86.7966
-1.4399 8569.72 92.5728 7062.46 84.0385
-1.17809 10661.3 103.254 7470.69 86.4332
-0.916292 9842.73 99.2105 7038.88 83.898
-0.654503 12346.5 111.115 4846.65 69.6179
-0.392699 5232.27 72.3344 3018.83 54.9439
-0.130894 519 22.7816 170 13.0384
0.130894 153 12.3693 57 7.54983
0.392699 11059.9 105.166 8718.12 93.3709
0.654503 11162.6 105.653 5578.52 74.6895
0.916292 9050.54 95.1343 6668.97 81.6638
1.17809 11668.3 108.02 4735.24 68.8131
1.4399 8600.36 92.7382 7258.97 85.1996
1.70169 9924.93 99.624 5268.18 72.5822
1.9635 10375.9 101.862 7617.75 87.2797
2.2253 8429.27 91.811 4864.03 69.7426
2.48709 4554.94 67.4903 2270.78 47.6527
2.74889 5954.38 77.1646 6443.5 80.2714
3.01069 10022.2 100.111 12248.7 110.674
