-3.01069 7309.31 85.4945 11575.7 107.59
-2.74889 6963.65 83.4485 8928.13 94.4888
-2.48709 7228.7 85.0218 6702.26 81.8673
-2.22529 8275.04 90.9672 7109.9 84.3202
-1.96349 6177.63 78.5979 6175.24 78.5827
-1.70169 7530.15 86.7764 7852.47 88.6142
-1.4399 6408.62 80.0538 7148.87 84.551
-1.17809 6998.98 83.6599 8652.09 93.0166
-0.916292 8858.09 94.1174 7223.01 84.9883
-0.654503 6397.37 79.9836 8147.61 90.2641
-0.392699 3882.12 62.3067 1671.52 40.8842
-0.130894 519 22.7816 170 13.0384
0.130894 153 12.3693 57 7.54983
0.392699 7228.36 85.0198 7013.74 83.7481
0.654503 5858.06 76.538 7249.54 85.1442
0.916292 7215.25 84.9426 7486.47 86.5244
1.17809 5613.56 74.9237 8233.86 90.7406
1.4399 4099.25 64.0254 6162.16 78.4994
1.70169 5807.89 76.2095 6613.17 81.3214
1.9635 6792.78 82.4184 8713.95 93.3486
2.2253 5322.61 72.9562 7004.75 83.6944
2.48709 3187.21 56.4554 4811.92 69.368
2.74889 3963.45 62.9559 8304.92 91.1313
3.01069 6319.68 79.4964 15422.2 124.186
