-3.01069 616.7 24.8334 1058.45 32.5338
-2.74889 360.76 18.9937 271.997 16.4923
-2.48709 296.261 17.2122 284.993 16.8817
-2.22529 339.789 18.4334 329.324 18.1473
-1.96349 211.729 14.5509 278.176 16.6786
-1.70169 351.326 18.7437 217.772 14.7571
-1.4399 215.574 14.6824 329.032 18.1392
-1.17809 372.757 19.3069 348.493 18.668
-0.916292 306.995 17.5213 348.13 18.6582
-0.654503 331.636 18.2109 230.217 15.1729
-0.392699 84.1521 9.17345 58.8524 7.67153
-0.130894 519 22.7816 170 13.0384
0.130894 153 12.3693 57 7.54983
0.392699 278.584 16.6908 240.15 15.4968
0.654503 259.69 16.1149 210.068 14.4937
0.916292 395.734 19.8931 214.794 14.6558
1.17809 204.141 14.2878 411.033 20.274
1.4399 125.434 11.1997 128.919 11.3542
1.70169 263.956 16.2467 203.642 14.2703
1.9635 287.87 16.9667 425.826 20.6356
2.2253 403.537 20.0882 366.459 19.1431
2.48709 172.436 13.1315 250.958 15.8417
2.74889 306.552 17.5086 553.631 23.5294
3.01069 868.91 29.4773 882.152 29.701
