-3.01069 7213.99 84.9352 11993.5 109.515
-2.74889 6850.84 82.7698 9208.78 95.9624
-2.48709 6902.61 83.0819 6918.98 83.1804
-2.22529 7971.22 89.2817 7161.59 84.6262
-1.96349 6213.6 78.8264 6280.17 79.2475
-1.70169 7668.77 87.5715 7941.29 89.1139
-1.4399 6481.8 80.5096 7093.98 84.2258
-1.17809 7038.33 83.8948 8850.16 94.0753
-0.916292 8712.85 93.3427 7439.73 86.2539
-0.654503 6637.83 81.4729 8309.91 91.1587
-0.392699 3821.51 61.8184 1725.97 41.5448
-0.130894 519 22.7816 170 13.0384
0.130894 153 12.3693 57 7.54983
0.392699 7227.62 85.0154 7415.6 86.1139
0.654503 6262.01 79.1329 7390.37 85.9673
0.916292 7446.31 86.292 7597.01 87.1608
1.17809 5928.03 76.9937 8380.74 91.5464
1.4399 4387.18 66.2358 6382.59 79.8911
1.70169 5782.13 76.0403 6691.38 81.8009
1.9635 7000.54 83.6692 8921.48 94.4536
2.2253 5334.45 73.0373 7112.04 84.3329
2.48709 3309.35 57.527 4844.89 69.6052
2.74889 4158.31 64.485 8652.04 93.0164
3.01069 6476.64 80.4776 16242.1 127.445
