-3.01069 11174.1 105.708 9944.74 99.7233
-2.74889 10642.1 103.16 8219.35 90.6606
-2.48709 9223.92 96.0413 5815.85 76.2617
-2.22529 9577.05 97.8624 8070.9 89.8382
-1.96349 8874.65 94.2054 5806.99 76.2036
-1.70169 11699.1 108.162 7725.11 87.8926
-1.4399 8698.78 93.2673 7145.59 84.5316
-1.17809 10534.1 102.636 7711.13 87.813
-0.916292 10195 100.971 7242.22 85.1012
-0.654503 12329.7 111.039 4963.51 70.4522
-0.392699 5369.53 73.2771 3050.74 55.2335
-0.130894 519 22.7816 170 13.0384
0.130894 153 12.3693 57 7.54983
0.392699 10942 104.604 9188.56 95.857
0.654503 11425.1 106.888 5738.33 75.7518
0.916292 9411.13 97.011 6956.06 83.403
1.17809 12152.2 110.237 4874.58 69.8182
1.4399 8291.74 91.059 7525.85 86.7516
1.70169 10261.4 101.299 5211.11 72.188
1.9635 10553.9 102.732 7801.3 88.325
2.2253 8392.54 91.6108 5018.41 70.8407
2.48709 4539.88 67.3786 2347.83 48.4544
2.74889 5629.14 75.0276 6936.27 83.2843
3.01069 9837.53 99.1843 12914.4 113.641
