-3.01069 632.425 25.1481 1055.01 32.4809
-2.74889 334.998 18.303 288.124 16.9742
-2.48709 282.304 16.8019 296.158 17.2093
-2.22529 310.242 17.6137 338.283 18.3925
-1.96349 201.173 14.1835 307.106 17.5244
-1.70169 328.372 18.121 220.166 14.838
-1.4399 206.811 14.3809 322.671 17.963
-1.17809 400.703 20.0176 353.527 18.8023
-0.916292 379.635 19.4842 355.145 18.8453
-0.654503 381.327 19.5276 236.144 15.367
-0.392699 96.9571 9.84668 54.78 7.40135
-0.130894 519 22.7816 170 13.0384
0.130894 153 12.3693 57 7.54983
0.392699 287.825 16.9654 261.753 16.1788
0.654503 269.737 16.4237 226.804 15.06
0.916292 421.412 20.5283 213.652 14.6168
1.17809 234.425 15.311 435.862 20.8773
1.4399 158.013 12.5703 133.654 11.5609
1.70169 276.66 16.6331 201.365 14.1903
1.9635 262.753 16.2097 456.772 21.3722
2.2253 383.857 19.5923 396.975 19.9242
2.48709 192.673 13.8807 260.892 16.1522
2.74889 320.085 17.8909 623.876 24.9775
3.01069 870.332 29.5014 889.592 29.826
