3.01069 1998 44.699 3754 61.2699
2.74889 1062 32.5883 2250 47.4342
2.48709 500 22.3607 1271 35.6511
2.2253 899 29.9833 1805 42.4853
1.9635 850 29.1548 1830 42.7785
1.70169 574 23.9583 1180 34.3511
1.4399 322 17.9444 736 27.1293
1.17809 763 27.6225 1466 38.2884
0.916292 672 25.923 1407 37.51
0.654503 566 23.7908 1095 33.0908
0.392699 638 25.2587 1280 35.7771
0.130894 125 11.1803 309 17.5784
-0.130894 567 23.8118 996 31.5595
-0.392699 185 13.6015 277 16.6433
-0.654503 685 26.1725 1235 35.1426
-0.916292 808 28.4253 1479 38.4578
-1.17809 858 29.2916 1572 39.6485
-1.4399 652 25.5343 1244 35.2704
-1.70169 631 25.1197 1256 35.4401
-1.96349 622 24.9399 1056 32.4962
-2.22529 752 27.4226 1395 37.3497
-2.48709 650 25.4951 1261 35.5106
-2.74889 765 27.6586 1485 38.5357
-3.01069 1989 44.5982 3587 59.8916
