3.01069 23546 153.447 16783 129.549
2.74889 12967 113.873 9286 96.3639
2.48709 7225 85 5237 72.3671
2.2253 14250 119.373 10141 100.703
1.9635 19169 138.452 12036 109.709
1.70169 16232 127.405 10600 102.956
1.4399 16761 129.464 11107 105.39
1.17809 17665 132.91 11315 106.372
0.916292 17023 130.472 11299 106.297
0.654503 17856 133.626 11738 108.342
0.392699 21071 145.159 13836 117.627
0.130894 1608 40.0999 1499 38.7169
-0.130894 2950 54.3139 2342 48.3942
-0.392699 8645 92.9785 4740 68.8477
-0.654503 18323 135.362 11908 109.124
-0.916292 18216 134.967 11769 108.485
-1.17809 19360 139.14 12093 109.968
-1.4399 16709 129.263 11046 105.1
-1.70169 20487 143.133 13181 114.809
-1.96349 15349 123.891 9586 97.9081
-2.22529 18638 136.521 12911 113.627
-2.48709 15796 125.682 10288 101.43
-2.74889 19877 140.986 12647 112.459
-3.01069 22419 149.73 16706 129.252
