3.01069 24351 156.048 17539 132.435
2.74889 13559 116.443 9773 98.8585
2.48709 7386 85.9418 5247 72.4362
2.2253 14348 119.783 10242 101.203
1.9635 19300 138.924 12408 111.391
1.70169 16261 127.519 10721 103.542
1.4399 16862 129.854 11009 104.924
1.17809 17806 133.439 11342 106.499
0.916292 17105 130.786 11767 108.476
0.654503 17901 133.795 11862 108.913
0.392699 21204 145.616 14126 118.853
0.130894 1660 40.7431 1379 37.1349
-0.130894 2984 54.626 2335 48.3218
-0.392699 8771 93.6536 4809 69.347
-0.654503 18440 135.794 12177 110.349
-0.916292 18260 135.13 11920 109.179
-1.17809 19162 138.427 12149 110.223
-1.4399 16874 129.9 11209 105.873
-1.70169 20356 142.674 13246 115.091
-1.96349 15468 124.37 9748 98.732
-2.22529 18510 136.051 12961 113.846
-2.48709 15819 125.774 10456 102.255
-2.74889 20007 141.446 12700 112.694
-3.01069 22743 150.808 16839 129.765
