3.01069 23692 153.922 19802 140.72
2.74889 13143 114.643 11477 107.131
2.48709 8626 92.8763 9363 96.7626
2.2253 13373 115.642 10943 104.609
1.9635 16854 129.823 13469 116.056
1.70169 13300 115.326 10330 101.637
1.4399 11268 106.151 8928 94.4881
1.17809 15104 122.898 12122 110.1
0.916292 15945 126.274 12770 113.004
0.654503 14170 119.038 11308 106.339
0.392699 15584 124.836 12660 112.517
0.130894 2423 49.224 2228 47.2017
-0.130894 4477 66.9104 2855 53.4322
-0.392699 5891 76.7529 3798 61.6279
-0.654503 15731 125.423 12164 110.291
-0.916292 17384 131.848 13513 116.245
-1.17809 16901 130.004 12844 113.331
-1.4399 14581 120.752 11392 106.733
-1.70169 16639 128.992 13051 114.241
-1.96349 13295 115.304 10180 100.896
-2.22529 16326 127.773 13584 116.55
-2.48709 14775 121.552 11191 105.788
-2.74889 17269 131.412 13675 116.94
-3.01069 20692 143.847 16928 130.108
