3.01069 3288 57.3411 2309 48.0521
2.74889 1932 43.9545 1255 35.426
2.48709 1428 37.7889 983 31.3528
2.2253 3051 55.2359 1798 42.4028
1.9635 3940 62.7694 2282 47.7703
1.70169 3348 57.8619 2050 45.2769
1.4399 3694 60.7783 2280 47.7493
1.17809 3719 60.9836 2283 47.7807
0.916292 3532 59.4306 2189 46.7868
0.654503 4115 64.1483 2428 49.2747
0.392699 4608 67.8823 2705 52.0096
0.130894 200 14.1421 136 11.6619
-0.130894 528 22.9783 408 20.199
-0.392699 1746 41.7852 873 29.5466
-0.654503 3588 59.8999 2315 48.1144
-0.916292 3100 55.6776 1873 43.2782
-1.17809 4026 63.4508 2254 47.4763
-1.4399 3022 54.9727 1856 43.0813
-1.70169 3417 58.4551 2106 45.8912
-1.96349 2868 53.5537 1677 40.9512
-2.22529 3815 61.7657 2411 49.1019
-2.48709 3678 60.6465 2170 46.5833
-2.74889 4133 64.2884 2417 49.163
-3.01069 3760 61.3188 2892 53.7773
