3.01069 24598 156.837 21076 145.176
2.74889 13997 118.309 12158 110.263
2.48709 8888 94.2762 9597 97.9643
2.2253 13409 115.797 11256 106.094
1.9635 17032 130.507 13637 116.778
1.70169 13572 116.499 10376 101.863
1.4399 11375 106.654 9185 95.8384
1.17809 15300 123.693 12172 110.327
0.916292 16020 126.57 12753 112.929
0.654503 14503 120.428 11503 107.252
0.392699 15680 125.22 12886 113.517
0.130894 2509 50.0899 2314 48.1041
-0.130894 4643 68.1396 3051 55.2359
-0.392699 6021 77.5951 3948 62.8331
-0.654503 16018 126.562 12200 110.454
-0.916292 17385 131.852 13918 117.975
-1.17809 17044 130.553 13151 114.678
-1.4399 14715 121.305 11341 106.494
-1.70169 16907 130.027 13476 116.086
-1.96349 13399 115.754 10315 101.563
-2.22529 16563 128.697 13719 117.128
-2.48709 15145 123.065 11511 107.289
-2.74889 17270 131.415 13580 116.533
-3.01069 21343 146.092 17279 131.45
