3.01069 2171 46.594 4112 64.1249
2.74889 1140 33.7639 2528 50.2792
2.48709 562 23.7065 1322 36.3593
2.2253 912 30.1993 1823 42.6966
1.9635 872 29.5296 1796 42.3792
1.70169 553 23.516 1208 34.7563
1.4399 331 18.1934 710 26.6458
1.17809 751 27.4044 1444 38
0.916292 768 27.7128 1392 37.3095
0.654503 575 23.9792 1068 32.6803
0.392699 646 25.4165 1347 36.7015
0.130894 133 11.5326 301 17.3494
-0.130894 626 25.02 1067 32.665
-0.392699 164 12.8062 264 16.2481
-0.654503 729 27 1289 35.9026
-0.916292 807 28.4077 1381 37.1618
-1.17809 864 29.3939 1678 40.9634
-1.4399 640 25.2982 1287 35.8748
-1.70169 685 26.1725 1322 36.3593
-1.96349 536 23.1517 1068 32.6803
-2.22529 755 27.4773 1466 38.2884
-2.48709 721 26.8514 1227 35.0286
-2.74889 721 26.8514 1510 38.8587
-3.01069 2043 45.1996 3696 60.7947
