-3.01069 12352 111.14 6872 82.8975
-2.74889 11367 106.616 5446 73.797
-2.48709 8894 94.308 4414 66.4379
-2.22529 10244 101.213 5414 73.5799
-1.96349 8576 92.6067 4116 64.1561
-1.70169 10277 101.376 4753 68.942
-1.4399 9205 95.9427 4532 67.3201
-1.17809 10817 104.005 5079 71.2671
-0.916292 9718 98.5799 4705 68.593
-0.654503 10161 100.802 5056 71.1056
-0.392699 4717 68.6804 1783 42.2256
-0.130894 1608 40.0999 980 31.305
0.130894 727 26.9629 487 22.0681
0.392699 12119 110.086 5762 75.9078
0.654503 10450 102.225 5259 72.519
0.916292 9088 95.331 4641 68.1249
1.17809 9683 98.4022 4585 67.7126
1.4399 8707 93.3113 4283 65.4446
1.70169 9240 96.1249 4559 67.5204
1.9635 10528 102.606 4909 70.0643
2.2253 8334 91.2907 4247 65.169
2.48709 3832 61.9032 1925 43.8748
2.74889 6968 83.4745 3543 59.5231
3.01069 12139 110.177 6319 79.4921
