-3.01069 5131 71.631 6020 77.5887
-2.74889 2290 47.8539 2891 53.768
-2.48709 2076 45.5631 2386 48.8467
-2.22529 2311 48.0729 2889 53.7494
-1.96349 1767 42.0357 2125 46.0977
-1.70169 2047 45.2438 2462 49.6185
-1.4399 1969 44.3734 2381 48.7955
-1.17809 2597 50.9608 3078 55.4797
-0.916292 2392 48.9081 2837 53.2635
-0.654503 2140 46.2601 2483 49.8297
-0.392699 559 23.6432 553 23.516
-0.130894 1590 39.8748 1659 40.7308
0.130894 398 19.9499 598 24.454
0.392699 2099 45.8148 2648 51.4587
0.654503 1764 42 2188 46.7761
0.916292 2246 47.392 2656 51.5364
1.17809 2252 47.4552 2787 52.792
1.4399 1042 32.28 1439 37.9342
1.70169 1731 41.6053 2231 47.2335
1.9635 2590 50.892 3302 57.463
2.2253 2456 49.558 3288 57.3411
2.48709 1477 38.4318 2438 49.3761
2.74889 2918 54.0185 4069 63.7887
3.01069 5179 71.9653 6450 80.3119
