-3.01069 4177 64.6297 2459 49.5883
-2.74889 4619 67.9632 2087 45.6837
-2.48709 3976 63.0555 1796 42.3792
-2.22529 4160 64.4981 2026 45.0111
-1.96349 3091 55.5968 1492 38.6264
-1.70169 3731 61.0819 1777 42.1545
-1.4399 3315 57.576 1614 40.1746
-1.17809 4197 64.7843 1800 42.4264
-0.916292 3314 57.5674 1620 40.2492
-0.654503 3892 62.3859 1901 43.6005
-0.392699 1850 43.0116 700 26.4575
-0.130894 590 24.2899 299 17.2916
0.130894 213 14.5945 127 11.2694
0.392699 5074 71.232 2246 47.392
0.654503 4450 66.7083 2067 45.4643
0.916292 3832 61.9032 1836 42.8486
1.17809 3971 63.0159 1865 43.1856
1.4399 4051 63.6475 1919 43.8064
1.70169 3577 59.808 1726 41.5452
1.9635 4199 64.7997 1903 43.6234
2.2253 3271 57.1927 1457 38.1707
2.48709 1581 39.7618 853 29.2062
2.74889 2048 45.2548 989 31.4484
3.01069 3611 60.0916 1947 44.1248
