-3.01069 22096 148.647 12572 112.125
-2.74889 18325 135.37 9735 98.6661
-2.48709 14755 121.47 7967 89.2581
-2.22529 17001 130.388 9887 99.4334
-1.96349 13941 118.072 7123 84.3979
-1.70169 20494 143.157 11124 105.47
-1.4399 16330 127.789 8507 92.2334
-1.17809 17980 134.09 9284 96.3535
-0.916292 18260 135.13 9726 98.6205
-0.654503 17528 132.393 9123 95.5144
-0.392699 8017 89.5377 3498 59.1439
-0.130894 3182 56.4092 1657 40.7063
0.130894 2188 46.7761 1438 37.921
0.392699 18310 135.314 10168 100.837
0.654503 15862 125.944 8629 92.8924
0.916292 16874 129.9 9183 95.828
1.17809 16696 129.213 8723 93.397
1.4399 16447 128.246 8582 92.6391
1.70169 14957 122.299 7714 87.8294
1.9635 18188 134.863 9720 98.5901
2.2253 12919 113.662 7611 87.241
2.48709 7934 89.073 4882 69.8713
2.74889 13907 117.928 7933 89.0674
3.01069 26012 161.282 13908 117.932
