-3.01069 0.0127004 0.00479003 0 0.00479003
-2.74889 0.000153279 0.00522741 0 0.00522741
-2.48709 -0.0132114 0.00578577 0 0.00578577
-2.22529 -0.0038679 0.00541609 0 0.00541609
-1.96349 -0.00160335 0.00598771 0 0.00598771
-1.70169 0.00248247 0.00494887 0 0.00494887
-1.4399 0.00396001 0.00554789 0 0.00554789
-1.17809 0.0106245 0.00530458 0 0.00530458
-0.916292 0.00848723 0.00525829 0 0.00525829
-0.654503 -0.00310047 0.00533615 0 0.00533615
-0.392699 0.00889459 0.0079366 0 0.0079366
0.392699 0.0100776 0.00525517 0 0.00525517
0.654503 0.0167798 0.00566422 0 0.00566422
0.916292 0.00634888 0.0054642 0 0.0054642
1.17809 0.00846827 0.00549893 0 0.00549893
1.4399 0.0100093 0.00554454 0 0.00554454
1.70169 0.000210889 0.00578609 0 0.00578609
1.9635 0.0120677 0.00527784 0 0.00527784
2.2253 0.00751503 0.00624818 0 0.00624818
2.48709 0.00445526 0.00796064 0 0.00796064
2.74889 0.0200409 0.00605849 0 0.00605849
3.01069 0.0158944 0.00442169 0 0.00442169
