-3.01069 21499 146.625 12044 109.745
-2.74889 18283 135.215 9300 96.4365
-2.48709 15120 122.963 7851 88.6059
-2.22529 17099 130.763 9837 99.1817
-1.96349 13958 118.144 7169 84.6699
-1.70169 20352 142.66 10787 103.86
-1.4399 16169 127.157 8471 92.038
-1.17809 17567 132.541 8945 94.578
-0.916292 17917 133.854 9535 97.6473
-0.654503 17602 132.673 8940 94.5516
-0.392699 7860 88.6566 3534 59.4475
-0.130894 3015 54.909 1630 40.3733
0.130894 2089 45.7056 1470 38.3406
0.392699 17909 133.825 9748 98.732
0.654503 15308 123.726 8415 91.7333
0.916292 16628 128.95 8912 94.4034
1.17809 16383 127.996 8609 92.7847
1.4399 16089 126.842 8194 90.5207
1.70169 14921 122.152 7655 87.4929
1.9635 17719 133.113 9324 96.5609
2.2253 12701 112.699 7437 86.238
2.48709 7848 88.5889 4774 69.0941
2.74889 13334 115.473 7572 87.0172
3.01069 25148 158.581 13718 117.124
