-3.01069 0.00696507 0.0083196 0 0.0083196
-2.74889 0.0238391 0.00903619 0 0.00903619
-2.48709 0.015596 0.00990721 0 0.00990721
-2.22529 -0.00862632 0.00891661 0 0.00891661
-1.96349 0.00659519 0.0101964 0 0.0101964
-1.70169 0.00997732 0.00948315 0 0.00948315
-1.4399 -0.00400303 0.0100154 0 0.0100154
-1.17809 0.0095288 0.00924952 0 0.00924952
-0.916292 0.00991993 0.00902493 0 0.00902493
-0.654503 0.0134606 0.00971947 0 0.00971947
-0.392699 0.0233359 0.017657 0 0.017657
0.392699 0.0323433 0.00927711 0 0.00927711
0.654503 0.0187203 0.00982935 0 0.00982935
0.916292 0.0209195 0.0093237 0 0.0093237
1.17809 0.00686385 0.00967221 0 0.00967221
1.4399 0.00448847 0.0117077 0 0.0117077
1.70169 -0.000226383 0.0104724 0 0.0104724
1.9635 0.00809847 0.00909194 0 0.00909194
2.2253 -0.000894716 0.00996514 0 0.00996514
2.48709 0.00321715 0.00989659 0 0.00989659
2.74889 0.0213211 0.00972235 0 0.00972235
3.01069 0.0321535 0.00744829 0 0.00744829
