-3.01069 11112 105.413 7282 85.3346
-2.74889 9179 95.8071 6273 79.2023
-2.48709 7889 88.82 5178 71.9583
-2.22529 9020 94.9737 6241 79
-1.96349 7341 85.6796 4846 69.6132
-1.70169 8421 91.766 5621 74.9733
-1.4399 7397 86.0058 4970 70.4982
-1.17809 9102 95.4044 5906 76.8505
-0.916292 9320 96.5401 6206 78.7782
-0.654503 8199 90.5483 5369 73.2735
-0.392699 2771 52.6403 1642 40.5216
-0.130894 2738 52.3259 1353 36.7831
0.130894 1396 37.3631 1074 32.7719
0.392699 8414 91.7279 5998 77.4468
0.654503 7833 88.5042 5276 72.6361
0.916292 8467 92.0163 5876 76.6551
1.17809 8093 89.9611 5387 73.3962
1.4399 5040 70.993 3668 60.564
1.70169 6900 83.0662 4563 67.55
1.9635 9234 96.0937 6104 78.1281
2.2253 7507 86.6429 5036 70.9648
2.48709 5061 71.1407 5127 71.6031
2.74889 7304 85.4634 5406 73.5255
3.01069 12589 112.201 9304 96.4572
