-3.01069 0.00740026 0.00673656 0 0.00673656
-2.74889 0.0108564 0.00742439 0 0.00742439
-2.48709 -0.00371191 0.00795079 0 0.00795079
-2.22529 -0.00749248 0.00742142 0 0.00742142
-1.96349 0.0107206 0.00830128 0 0.00830128
-1.70169 0.0160352 0.00777059 0 0.00777059
-1.4399 -0.0112963 0.00817911 0 0.00817911
-1.17809 0.0146277 0.00746927 0 0.00746927
-0.916292 0.00881159 0.00736071 0 0.00736071
-0.654503 0.0168202 0.00787802 0 0.00787802
-0.392699 -0.0129389 0.0133514 0 0.0133514
0.392699 0.0137804 0.00776545 0 0.00776545
0.654503 0.0264201 0.00809625 0 0.00809625
0.916292 0.0115629 0.00773285 0 0.00773285
1.17809 0.0176344 0.0079325 0 0.0079325
1.4399 0.0113592 0.0100215 0 0.0100215
1.70169 0.00829444 0.00855232 0 0.00855232
1.9635 0.0187181 0.00743014 0 0.00743014
2.2253 -0.00338603 0.00815188 0 0.00815188
2.48709 0.0148633 0.0100176 0 0.0100176
2.74889 0.00917135 0.00831602 0 0.00831602
3.01069 0.0241695 0.00637998 0 0.00637998
