-3.01069 12381 111.27 6682 81.7435
-2.74889 11524 107.35 5380 73.3485
-2.48709 9356 96.7264 4493 67.0298
-2.22529 10559 102.757 5388 73.403
-1.96349 8751 93.5468 4153 64.4438
-1.70169 10440 102.176 4845 69.606
-1.4399 9365 96.7729 4461 66.7907
-1.17809 10853 104.178 5116 71.5262
-0.916292 9909 99.544 4890 69.9285
-0.654503 10429 102.122 5076 71.2461
-0.392699 4757 68.971 1805 42.4853
-0.130894 1613 40.1622 973 31.1929
0.130894 731 27.037 484 22
0.392699 12211 110.503 6020 77.5887
0.654503 10582 102.869 5344 73.1027
0.916292 9601 97.9847 4803 69.3037
1.17809 10213 101.059 4821 69.4334
1.4399 8721 93.3863 4381 66.1891
1.70169 9475 97.3396 4563 67.55
1.9635 10728 103.576 5074 71.232
2.2253 8429 91.8096 4393 66.2797
2.48709 3823 61.8304 1969 44.3734
2.74889 7037 83.8868 3779 61.4736
3.01069 12481 111.718 6704 81.878
