-3.01069 -0.0150118 0.00858891 0 0.00858891
-2.74889 -0.0070904 0.00961112 0 0.00961112
-2.48709 0.00787549 0.010596 0 0.010596
-2.22529 -0.00340096 0.00962201 0 0.00962201
-1.96349 0.00348055 0.0109974 0 0.0109974
-1.70169 0.0085914 0.0102074 0 0.0102074
-1.4399 -0.00888897 0.010545 0 0.010545
-1.17809 0.00263523 0.00990436 0 0.00990436
-0.916292 0.0182872 0.0102078 0 0.0102078
-0.654503 0.000979935 0.00993513 0 0.00993513
-0.392699 0.00513757 0.0166947 0 0.0166947
0.392699 0.0209043 0.00921146 0 0.00921146
0.654503 0.00702264 0.0097118 0 0.0097118
0.916292 0.01616 0.0102894 0 0.0102894
1.17809 0.024097 0.0103086 0 0.0103086
1.4399 0.0103173 0.0107433 0 0.0107433
1.70169 -0.000555511 0.0104706 0 0.0104706
1.9635 0.0155343 0.0100079 0 0.0100079
2.2253 0.0159044 0.0107575 0 0.0107575
2.48709 0.0103055 0.0160247 0 0.0160247
2.74889 0.0312386 0.0116816 0 0.0116816
3.01069 0.0285699 0.00876003 0 0.00876003
