-3.01069 -0.00201172 0.0142671 0 0.0142671
-2.74889 -0.00363633 0.0154989 0 0.0154989
-2.48709 -0.00772042 0.0167409 0 0.0167409
-2.22529 0.0152723 0.01558 0 0.01558
-1.96349 -0.0396281 0.0186414 0 0.0186414
-1.70169 -0.0243162 0.0169635 0 0.0169635
-1.4399 -0.0283643 0.0178327 0 0.0178327
-1.17809 0.0191479 0.0164955 0 0.0164955
-0.916292 -0.0050225 0.0176035 0 0.0176035
-0.654503 0.00683485 0.0161543 0 0.0161543
-0.392699 0.0199854 0.0264397 0 0.0264397
0.392699 0.0325699 0.0146609 0 0.0146609
0.654503 0.00573356 0.0155008 0 0.0155008
0.916292 0.0280919 0.016255 0 0.016255
1.17809 0.0314324 0.0160988 0 0.0160988
1.4399 -0.0028212 0.0161566 0 0.0161566
1.70169 -0.00448237 0.0170499 0 0.0170499
1.9635 -0.00840528 0.0162689 0 0.0162689
2.2253 0.0321856 0.0182064 0 0.0182064
2.48709 -0.0231625 0.0244708 0 0.0244708
2.74889 0.0255815 0.0221774 0 0.0221774
3.01069 -0.0182351 0.01616 0 0.01616
