-3.01069 0.000178512 0.00635934 0 0.00635934
-2.74889 0.00586462 0.00661011 0 0.00661011
-2.48709 0.0243217 0.00740094 0 0.00740094
-2.22529 0.0141482 0.00693334 0 0.00693334
-1.96349 0.00910592 0.0075973 0 0.0075973
-1.70169 0.00687398 0.00694818 0 0.00694818
-1.4399 0.0076221 0.00733875 0 0.00733875
-1.17809 0.000667273 0.00679384 0 0.00679384
-0.916292 0.00873757 0.00713838 0 0.00713838
-0.654503 0.0120222 0.00696926 0 0.00696926
-0.392699 0.00322808 0.0102743 0 0.0102743
0.392699 0.00278734 0.00641174 0 0.00641174
0.654503 0.00528217 0.00689601 0 0.00689601
0.916292 0.026456 0.00731314 0 0.00731314
1.17809 0.0256452 0.00708801 0 0.00708801
1.4399 -0.000190706 0.0075755 0 0.0075755
1.70169 0.0115629 0.00731002 0 0.00731002
1.9635 0.00841518 0.00685946 0 0.00685946
2.2253 0.00467326 0.00772423 0 0.00772423
2.48709 -0.00216971 0.0114299 0 0.0114299
2.74889 0.00393282 0.00845055 0 0.00845055
3.01069 0.0128973 0.00637344 0 0.00637344
