-3.01069 0.0157264 0.00918892 0 0.00918892
-2.74889 0.00843344 0.0132129 0 0.0132129
-2.48709 0.0104516 0.0145583 0 0.0145583
-2.22529 0.00387557 0.0131879 0 0.0131879
-1.96349 0.0295597 0.0155658 0 0.0155658
-1.70169 -0.00805183 0.0142002 0 0.0142002
-1.4399 -0.00329863 0.0144747 0 0.0144747
-1.17809 0.00851738 0.0128058 0 0.0128058
-0.916292 0.0153057 0.0133824 0 0.0133824
-0.654503 0.016004 0.0143093 0 0.0143093
-0.392699 -0.00189735 0.0300557 0 0.0300557
0.392699 0.0319698 0.0139595 0 0.0139595
0.654503 0.0169174 0.01525 0 0.01525
0.916292 -0.00324795 0.0137053 0 0.0137053
1.17809 0.0300835 0.0135953 0 0.0135953
1.4399 0.0250316 0.0188762 0 0.0188762
1.70169 -0.000321215 0.0149758 0 0.0149758
1.9635 0.0211393 0.0124387 0 0.0124387
2.2253 0.03787 0.0125608 0 0.0125608
2.48709 0.0203722 0.0144706 0 0.0144706
2.74889 0.0398057 0.0113009 0 0.0113009
3.01069 0.00800098 0.00884433 0 0.00884433
