-3.01069 5065 71.1688 5822 76.302
-2.74889 2324 48.2079 2837 53.2635
-2.48709 2012 44.8553 2332 48.2908
-2.22529 2340 48.3735 2861 53.4883
-1.96349 1790 42.3084 1999 44.7102
-1.70169 2016 44.8999 2497 49.97
-1.4399 1952 44.1814 2392 48.9081
-1.17809 2633 51.3128 3020 54.9545
-0.916292 2312 48.0833 2746 52.4023
-0.654503 2059 45.3762 2400 48.9898
-0.392699 514 22.6716 554 23.5372
-0.130894 1405 37.4833 1516 38.9358
0.130894 347 18.6279 518 22.7596
0.392699 1943 44.0795 2479 49.7896
0.654503 1704 41.2795 2111 45.9456
0.916292 2139 46.2493 2668 51.6527
1.17809 2174 46.6262 2619 51.1762
1.4399 996 31.5595 1366 36.9594
1.70169 1699 41.2189 2228 47.2017
1.9635 2500 50 3159 56.205
2.2253 2490 49.8999 3042 55.1543
2.48709 1442 37.9737 2336 48.3322
2.74889 2661 51.5849 3750 61.2372
3.01069 5102 71.4283 6335 79.5927
