-3.01069 10927 104.532 7167 84.6581
-2.74889 8964 94.6784 5969 77.2593
-2.48709 7932 89.0618 5009 70.7743
-2.22529 9138 95.5929 6337 79.6053
-1.96349 7171 84.6818 4773 69.0869
-1.70169 8139 90.2164 5499 74.1552
-1.4399 7551 86.8965 5000 70.7107
-1.17809 8822 93.9255 5783 76.046
-0.916292 9139 95.5981 6072 77.923
-0.654503 7912 88.9494 5216 72.2219
-0.392699 2838 53.2729 1564 39.5474
-0.130894 2594 50.9313 1226 35.0143
0.130894 1380 37.1484 1027 32.0468
0.392699 8169 90.3825 5611 74.9066
0.654503 7415 86.1104 5072 71.218
0.916292 8257 90.868 5624 74.9933
1.17809 7797 88.3006 5303 72.8217
1.4399 4917 70.1213 3628 60.2329
1.70169 6773 82.2982 4556 67.4981
1.9635 8877 94.2178 5994 77.4209
2.2253 7543 86.8504 5035 70.9577
2.48709 4903 70.0214 5084 71.3022
2.74889 7157 84.5991 5170 71.9027
3.01069 11971 109.412 8707 93.3113
