-3.01069 0.0204559 0.00637321 0 0.00637321
-2.74889 0.0218591 0.00724715 0 0.00724715
-2.48709 0.00633945 0.00795152 0 0.00795152
-2.22529 0.00154098 0.00712102 0 0.00712102
-1.96349 -0.00421258 0.0083652 0 0.0083652
-1.70169 0.0143866 0.00675573 0 0.00675573
-1.4399 0.00112638 0.00767522 0 0.00767522
-1.17809 0.0176031 0.0074062 0 0.0074062
-0.916292 0.00892249 0.00720586 0 0.00720586
-0.654503 0.00913729 0.00744093 0 0.00744093
-0.392699 -0.00611343 0.0119252 0 0.0119252
0.392699 0.020095 0.00708535 0 0.00708535
0.654503 0.0115619 0.00765992 0 0.00765992
0.916292 0.0139827 0.00743397 0 0.00743397
1.17809 0.00558345 0.00759637 0 0.00759637
1.4399 0.0221348 0.00771956 0 0.00771956
1.70169 0.0028449 0.00806692 0 0.00806692
1.9635 0.0198003 0.00724574 0 0.00724574
2.2253 0.0105691 0.00815213 0 0.00815213
2.48709 0.0101909 0.0101766 0 0.0101766
2.74889 0.0222893 0.00802966 0 0.00802966
3.01069 0.00588361 0.00601716 0 0.00601716
