-3.01069 0.00547915 0.00990379 0 0.00990379
-2.74889 -0.00836283 0.0147215 0 0.0147215
-2.48709 0.0146618 0.0156391 0 0.0156391
-2.22529 -0.00722918 0.014663 0 0.014663
-1.96349 -0.00746009 0.0167668 0 0.0167668
-1.70169 0.00663587 0.0156884 0 0.0156884
-1.4399 0.00334163 0.0159701 0 0.0159701
-1.17809 -0.00787732 0.0138275 0 0.0138275
-0.916292 0.0160131 0.014579 0 0.014579
-0.654503 0.0182966 0.0154302 0 0.0154302
-0.392699 0.0409462 0.030504 0 0.030504
0.392699 0.0376022 0.0157188 0 0.0157188
0.654503 0.0163073 0.0169792 0 0.0169792
0.916292 0.0234079 0.0150979 0 0.0150979
1.17809 0.0166294 0.0150297 0 0.0150297
1.4399 0.0215776 0.0221468 0 0.0221468
1.70169 0.00833551 0.0170745 0 0.0170745
1.9635 0.016688 0.0140152 0 0.0140152
2.2253 -0.0078682 0.0142189 0 0.0142189
2.48709 0.0109965 0.0185084 0 0.0185084
2.74889 0.0450737 0.0133755 0 0.0133755
3.01069 0.00649558 0.00986272 0 0.00986272
