-3.01069 -0.00111373 0.010942 0 0.010942
-2.74889 -0.01006 0.0104511 0 0.0104511
-2.48709 -0.00225314 0.0112215 0 0.0112215
-2.22529 -0.00280015 0.0109735 0 0.0109735
-1.96349 0.016801 0.0126036 0 0.0126036
-1.70169 -0.00408581 0.0115945 0 0.0115945
-1.4399 -0.0105873 0.0123396 0 0.0123396
-1.17809 0.0204566 0.0107955 0 0.0107955
-0.916292 0.024444 0.0121229 0 0.0121229
-0.654503 -0.00137956 0.011337 0 0.011337
-0.392699 -0.00316085 0.0164578 0 0.0164578
0.392699 -0.00964118 0.00996955 0 0.00996955
0.654503 0.00747308 0.0105552 0 0.0105552
0.916292 -0.0017775 0.0114276 0 0.0114276
1.17809 0.0179069 0.0111134 0 0.0111134
1.4399 -0.00970907 0.0111578 0 0.0111578
1.70169 0.0070482 0.0117755 0 0.0117755
1.9635 -0.00976269 0.0109597 0 0.0109597
2.2253 0.0131713 0.0122752 0 0.0122752
2.48709 -0.0108949 0.0178704 0 0.0178704
2.74889 0.0155729 0.0154937 0 0.0154937
3.01069 -0.000855564 0.0117667 0 0.0117667
