-3.01069 18420 135.72 6314 79.4607
-2.74889 13212 114.943 5042 71.007
-2.48709 11508 107.275 4230 65.0385
-2.22529 13562 116.456 5279 72.6567
-1.96349 10418 102.069 3960 62.9285
-1.70169 11986 109.481 4594 67.7791
-1.4399 11155 105.617 4165 64.5368
-1.17809 13397 115.745 4920 70.1427
-0.916292 13356 115.568 5100 71.4143
-0.654503 11641 107.893 4358 66.0151
-0.392699 3774 61.4329 1247 35.3129
-0.130894 4406 66.3777 1281 35.7911
0.130894 2003 44.7549 935 30.5778
0.392699 11831 108.77 4852 69.6563
0.654503 10637 103.136 4262 65.284
0.916292 12206 110.481 4754 68.9493
1.17809 11766 108.471 4312 65.6658
1.4399 7017 83.7675 2936 54.1849
1.70169 9963 99.8148 3867 62.1852
1.9635 13184 114.822 5212 72.1942
2.2253 11549 107.466 4464 66.8132
2.48709 7530 86.7756 4769 69.0579
2.74889 11337 106.475 4758 68.9783
3.01069 19856 140.911 7742 87.9886
