-3.01069 1508 38.833 1224 34.9857
-2.74889 444 21.0713 479 21.8861
-2.48709 403 20.0749 380 19.4936
-2.22529 444 21.0713 443 21.0476
-1.96349 328 18.1108 309 17.5784
-1.70169 394 19.8494 394 19.8494
-1.4399 392 19.799 408 20.199
-1.17809 556 23.5797 479 21.8861
-0.916292 409 20.2237 454 21.3073
-0.654503 413 20.3224 383 19.5704
-0.392699 87 9.32738 91 9.53939
-0.130894 412 20.2978 338 18.3848
0.130894 86 9.27362 108 10.3923
0.392699 380 19.4936 349 18.6815
0.654503 334 18.2757 320 17.8885
0.916292 437 20.9045 434 20.8327
1.17809 466 21.587 460 21.4476
1.4399 183 13.5277 246 15.6844
1.70169 356 18.868 388 19.6977
1.9635 571 23.8956 608 24.6577
2.2253 658 25.6515 602 24.5357
2.48709 395 19.8746 483 21.9773
2.74889 895 29.9166 856 29.2575
3.01069 1612 40.1497 1307 36.1525
