-3.01069 16955 130.211 3111 55.7763
-2.74889 16372 127.953 2923 54.0648
-2.48709 13375 115.65 2568 50.6754
-2.22529 15024 122.572 3244 56.9561
-1.96349 12116 110.073 2464 49.6387
-1.70169 14393 119.971 2553 50.5272
-1.4399 12701 112.699 2258 47.5184
-1.17809 15530 124.619 2964 54.4426
-0.916292 13831 117.605 2850 53.3854
-0.654503 14605 120.851 2681 51.7784
-0.392699 6405 80.0312 865 29.4109
-0.130894 2255 47.4868 457 21.3776
0.130894 886 29.7658 275 16.5831
0.392699 17693 133.015 3611 60.0916
0.654503 15458 124.33 3318 57.6021
0.916292 13767 117.333 2858 53.4603
1.17809 14481 120.337 2863 53.507
1.4399 12779 113.044 2389 48.8774
1.70169 12985 113.952 2409 49.0816
1.9635 14945 122.25 2845 53.3385
2.2253 12135 110.159 2360 48.5798
2.48709 5459 73.885 1157 34.0147
2.74889 8982 94.7734 1777 42.1545
3.01069 15936 126.238 2945 54.2679
