-3.01069 23500 153.297 6259 79.1138
-2.74889 19702 140.364 5092 71.3583
-2.48709 16263 127.526 4339 65.8711
-2.22529 18676 136.66 5544 74.458
-1.96349 15003 122.487 4064 63.7495
-1.70169 22033 148.435 6006 77.4984
-1.4399 17467 132.163 4517 67.2086
-1.17809 18949 137.655 4976 70.5408
-0.916292 19425 139.374 5203 72.1318
-0.654503 18942 137.63 4787 69.1881
-0.392699 8204 90.5759 1915 43.7607
-0.130894 3015 54.909 943 30.7083
0.130894 2245 47.3814 908 30.133
0.392699 19381 139.216 5434 73.7157
0.654503 16561 128.69 4884 69.8856
0.916292 17949 133.974 4956 70.3989
1.17809 17845 133.585 4608 67.8823
1.4399 17258 131.37 4438 66.6183
1.70169 15949 126.289 4182 64.6684
1.9635 19092 138.174 5190 72.0417
2.2253 13882 117.822 4054 63.671
2.48709 8544 92.4338 2690 51.8652
2.74889 14234 119.306 4089 63.9453
3.01069 26918 164.067 6917 83.1685
