-3.01069 16928 130.108 3162 56.2317
-2.74889 16331 127.793 3019 54.9454
-2.48709 13071 114.328 2636 51.342
-2.22529 14892 122.033 3317 57.5934
-1.96349 11875 108.972 2493 49.93
-1.70169 14040 118.491 2527 50.2693
-1.4399 12641 112.432 2325 48.2183
-1.17809 15327 123.802 2942 54.2402
-0.916292 13516 116.258 2774 52.6688
-0.654503 14353 119.804 2643 51.4101
-0.392699 6348 79.6743 857 29.2746
-0.130894 2172 46.6047 471 21.7025
0.130894 904 30.0666 289 17
0.392699 17587 132.616 3297 57.4195
0.654503 15296 123.677 3281 57.28
0.916292 13253 115.122 2706 52.0192
1.17809 13832 117.61 2591 50.9019
1.4399 12685 112.628 2444 49.4368
1.70169 12795 113.115 2461 49.6085
1.9635 14898 122.057 2743 52.3737
2.2253 11809 108.669 2325 48.2183
2.48709 5487 74.0743 1106 33.2566
2.74889 8952 94.615 1647 40.5832
3.01069 15843 125.869 2733 52.2781
