-3.01069 18877 137.394 6409 80.0562
-2.74889 13542 116.37 5125 71.5891
-2.48709 11606 107.731 4350 65.9545
-2.22529 13341 115.503 5310 72.8697
-1.96349 10691 103.397 4042 63.5767
-1.70169 12265 110.747 4690 68.4836
-1.4399 10988 104.824 4171 64.5833
-1.17809 13589 116.572 5011 70.7884
-0.916292 13684 116.979 5201 72.118
-0.654503 12018 109.627 4505 67.1193
-0.392699 3789 61.5549 1310 36.1939
-0.130894 4658 68.2495 1440 37.9473
0.130894 2104 45.8694 1002 31.6544
0.392699 12395 111.333 5063 71.1548
0.654503 11163 105.655 4416 66.453
0.916292 12529 111.933 4963 70.4486
1.17809 12202 110.463 4450 66.7083
1.4399 7175 84.7054 3061 55.3263
1.70169 10066 100.329 3890 62.3699
1.9635 13664 116.893 5258 72.5121
2.2253 11542 107.434 4527 67.283
2.48709 7776 88.1816 4773 69.0869
2.74889 11875 108.972 5000 70.7107
3.01069 20651 143.705 8114 90.0777
