-3.01069 1526 39.064 1220 34.9285
-2.74889 499 22.3383 490 22.1359
-2.48709 396 19.8997 382 19.5448
-2.22529 430 20.7364 455 21.3307
-1.96349 304 17.4356 334 18.2757
-1.70169 367 19.1572 403 20.0749
-1.4399 408 20.199 396 19.8997
-1.17809 562 23.7065 524 22.891
-0.916292 505 22.4722 431 20.7605
-0.654503 448 21.166 385 19.6214
-0.392699 88 9.38083 79 8.88819
-0.130894 502 22.4054 378 19.4422
0.130894 80 8.94427 110 10.4881
0.392699 392 19.799 459 21.4243
0.654503 358 18.9209 362 19.0263
0.916292 418 20.445 475 21.7945
1.17809 498 22.3159 491 22.1585
1.4399 209 14.4568 247 15.7162
1.70169 383 19.5704 408 20.199
1.9635 604 24.5764 661 25.7099
2.2253 652 25.5343 705 26.5518
2.48709 435 20.8567 504 22.4499
2.74889 944 30.7246 960 30.9839
3.01069 1611 40.1373 1417 37.6431
