-3.01069 24076 155.164 6443 80.2683
-2.74889 19830 140.819 5308 72.856
-2.48709 15876 126 4483 66.9552
-2.22529 18441 135.798 5728 75.6836
-1.96349 14971 122.356 4026 63.4508
-1.70169 22292 149.305 6070 77.9102
-1.4399 17574 132.567 4531 67.3127
-1.17809 19316 138.982 5071 71.211
-0.916292 19906 141.089 5351 73.1505
-0.654503 18898 137.47 4905 70.0357
-0.392699 8319 91.2086 1884 43.4051
-0.130894 3249 57 926 30.4302
0.130894 2307 48.0312 894 29.8998
0.392699 19840 140.855 5720 75.6307
0.654503 17128 130.874 4920 70.1427
0.916292 18274 135.181 5037 70.9718
1.17809 18108 134.566 4645 68.1542
1.4399 17624 132.755 4678 68.3959
1.70169 16031 126.614 4153 64.4438
1.9635 19677 140.275 5349 73.1369
2.2253 14171 119.042 4170 64.5755
2.48709 8608 92.7793 2756 52.4976
2.74889 14853 121.873 4253 65.215
3.01069 27837 166.844 7040 83.9047
