-3.01069 0.00199696 0.00884142
-2.74889 0.00269387 0.00989055
-2.48709 0.00851675 0.0107663
-2.22529 -0.00254239 0.00969133
-1.96349 0.00477779 0.0111485
-1.70169 0.00487073 0.0103502
-1.4399 -0.00475016 0.0109226
-1.17809 0.0036935 0.0100074
-0.916292 0.00433519 0.00982601
-0.654503 0.0111169 0.0105928
-0.392699 0.0191709 0.0197194
-0.130894 0.0529814 0.0190943
0.130894 0.0291252 0.0226517
0.392699 0.0158128 0.0100146
0.654503 0.0122773 0.010705
0.916292 0.0160407 0.0101161
1.17809 0.0102808 0.0106538
1.4399 0.0153756 0.012877
1.70169 -0.00250489 0.0113231
1.9635 -0.00107644 0.00974632
2.2253 0.00153715 0.0105175
2.48709 -0.00505073 0.010209
2.74889 0.0193329 0.0100943
3.01069 0.0179935 0.00791898
