-3.01069 0.000462862 0.0181054
-2.74889 0.0528714 0.032435
-2.48709 -0.0142302 0.0352761
-2.22529 -0.0214863 0.0337236
-1.96349 -0.0434356 0.0396274
-1.70169 -0.0409416 0.0361168
-1.4399 0.0145317 0.0352567
-1.17809 -0.000103192 0.029826
-0.916292 0.0996201 0.0328318
-0.654503 0.0351883 0.0339693
-0.392699 0.000244378 0.075387
-0.130894 0.0930485 0.0328523
0.130894 -0.0416063 0.0773278
0.392699 0.010075 0.0358919
0.654503 0.0292177 0.0378976
0.916292 -0.0276888 0.0340904
1.17809 0.0277301 0.0321102
1.4399 0.0608787 0.0502848
1.70169 0.0310722 0.0366709
1.9635 0.0226187 0.0290879
2.2253 -0.0100498 0.0275515
2.48709 0.0427341 0.0345884
2.74889 0.0211781 0.0232516
3.01069 -0.00578018 0.0175659
