-3.01069 0.00901671 0.00884855
-2.74889 0.0153011 0.00977836
-2.48709 0.0108539 0.0106174
-2.22529 0.0108547 0.00939296
-1.96349 -0.0101668 0.0110868
-1.70169 -0.000170152 0.00907515
-1.4399 -0.00392265 0.0104841
-1.17809 0.00398585 0.00994944
-0.916292 0.00855386 0.00970736
-0.654503 0.00670552 0.0101299
-0.392699 -0.0136293 0.016178
-0.130894 -0.014565 0.0230647
0.130894 -0.0132385 0.02349
0.392699 0.0201739 0.00944139
0.654503 -0.00179798 0.0100719
0.916292 0.00263588 0.00997629
1.17809 -0.00147124 0.0103675
1.4399 0.0208604 0.0104434
1.70169 -0.00894905 0.0109228
1.9635 0.0096177 0.00971421
2.2253 0.00863581 0.0109968
2.48709 0.00664951 0.0135137
2.74889 0.0141912 0.0109183
3.01069 0.00334303 0.00844153
