-3.01069 0.00663747 0.00457214
-2.74889 -0.00223207 0.00501577
-2.48709 -0.0175102 0.00556175
-2.22529 -0.0118008 0.00517589
-1.96349 -0.00653747 0.00576005
-1.70169 0.0003733 0.00473687
-1.4399 -0.00241639 0.0053275
-1.17809 0.00412131 0.00509818
-0.916292 0.00676008 0.0050286
-0.654503 -0.00663266 0.00512652
-0.392699 0.00149014 0.0077584
-0.130894 0.0318929 0.0125952
0.130894 0.00815108 0.0147812
0.392699 0.0062334 0.00503566
0.654503 0.0113615 0.00543322
0.916292 0.00350246 0.00523992
1.17809 0.00184526 0.00525956
1.4399 0.00502289 0.00533968
1.70169 -0.00290585 0.00557662
1.9635 0.00962025 0.00506483
2.2253 0.00483229 0.00595424
2.48709 -0.00173861 0.00761475
2.74889 0.0158129 0.00584696
3.01069 0.011315 0.00426176
