-3.01069 -0.0135994 0.0125899
-2.74889 -0.0216242 0.0129337
-2.48709 -0.0185355 0.0138213
-2.22529 -0.0165953 0.0123098
-1.96349 -0.0113199 0.0141633
-1.70169 -0.000351815 0.0139921
-1.4399 -0.0200876 0.0147275
-1.17809 -0.00174493 0.0129767
-0.916292 0.00804419 0.0132981
-0.654503 0.00166764 0.0136678
-0.392699 -0.000824176 0.0240325
-0.130894 -0.0205544 0.0327284
0.130894 -0.0302885 0.0419701
0.392699 0.0399946 0.0119906
0.654503 0.000136999 0.0122766
0.916292 0.0218518 0.0133673
1.17809 0.0444139 0.0134922
1.4399 -0.016849 0.0143425
1.70169 -0.0161466 0.0142881
1.9635 0.0127848 0.0133403
2.2253 0.00200082 0.0145701
2.48709 0.0170686 0.0209619
2.74889 0.0325041 0.0170356
3.01069 0.0318737 0.0132292
