-3.01069 0.00678354 0.00516389
-2.74889 0.00686515 0.00609702
-2.48709 -0.00123009 0.00655957
-2.22529 -0.013684 0.00607936
-1.96349 0.00746348 0.00686402
-1.70169 0.00603514 0.00640398
-1.4399 -0.0130113 0.00670109
-1.17809 0.00164495 0.00607082
-0.916292 0.0066607 0.00606472
-0.654503 0.0104657 0.00648344
-0.392699 -0.00348661 0.0114673
-0.130894 0.0223358 0.0104731
0.130894 0.0191248 0.0155595
0.392699 0.0178131 0.00640658
0.654503 0.018661 0.00675358
0.916292 0.00758905 0.00634098
1.17809 0.0127223 0.00644139
1.4399 0.00566346 0.00837131
1.70169 -0.000327381 0.00704668
1.9635 0.0124097 0.00608613
2.2253 -0.00577305 0.00656266
2.48709 0.0106031 0.0080607
2.74889 0.01771 0.00654501
3.01069 0.0141578 0.00495477
