-3.01069 -0.00710651 0.0201718
-2.74889 0.00588236 0.0320371
-2.48709 -0.00284528 0.0361271
-2.22529 0.00789369 0.0332792
-1.96349 0.0334174 0.0393104
-1.70169 0.00582279 0.0353253
-1.4399 -0.0203936 0.0351619
-1.17809 0.0394052 0.0314684
-0.916292 -0.0314541 0.0335036
-0.654503 -0.00286579 0.0359857
-0.392699 -0.0760288 0.0762503
-0.130894 0.0504114 0.0372277
0.130894 0.00370458 0.0675443
0.392699 0.130766 0.0347952
0.654503 0.0561326 0.0381333
0.916292 0.0396444 0.0330552
1.17809 0.0271322 0.0323294
1.4399 -0.00344156 0.0449143
1.70169 0.0196584 0.0353426
1.9635 0.0363035 0.0279796
2.2253 0.0733681 0.0275165
2.48709 0.0158085 0.0317411
2.74889 0.051815 0.0233741
3.01069 0.0349196 0.019098
