-3.01069 -0.00467308 0.00541769
-2.74889 -0.00421624 0.00551459
-2.48709 0.00602559 0.00613244
-2.22529 -0.00105759 0.00576583
-1.96349 0.00457577 0.00643861
-1.70169 0.00694571 0.0059143
-1.4399 -0.00310234 0.00626454
-1.17809 0.00110886 0.00567726
-0.916292 0.0060491 0.00603058
-0.654503 0.0032325 0.00586047
-0.392699 -0.0010004 0.00883095
-0.130894 0.01328 0.0149878
0.130894 -0.0155249 0.0235678
0.392699 -0.00246542 0.00530942
0.654503 -0.000202314 0.00568675
0.916292 0.0135544 0.00606666
1.17809 0.0174546 0.00592622
1.4399 -0.00177847 0.00624956
1.70169 0.00190022 0.00621121
1.9635 -0.00389504 0.00577279
2.2253 0.00814579 0.00644484
2.48709 -0.00802782 0.00953156
2.74889 -0.00379715 0.00744679
3.01069 -0.0025435 0.00559424
