-3.01069 -0.00792184 0.00774099 0.0180914 0.019678
-2.74889 -0.000717372 0.00856453 0.0180925 0.0200173
-2.48709 0.0150216 0.00937538 0.0180885 0.0203738
-2.22529 0.00896591 0.0086683 0.0180911 0.0200606
-1.96349 0.00576493 0.00965886 0.0180919 0.0205088
-1.70169 0.0159288 0.00900473 0.018088 0.0202054
-1.4399 0.00941257 0.00932792 0.0180909 0.0203542
-1.17809 0.0119466 0.00884004 0.01809 0.0201344
-0.916292 0.0190992 0.00918312 0.018086 0.0202838
-0.654503 0.0109536 0.00888664 0.0180904 0.0201553
-0.392699 0.0131158 0.0139362 0.0180894 0.0228352
0.392699 0.0204815 0.00822751 0.018085 0.0198685
0.654503 0.011205 0.0087526 0.0180903 0.0200964
0.916292 0.0247588 0.00918281 0.0180815 0.0202796
1.17809 0.026753 0.00913832 0.0180796 0.0202579
1.4399 0.00979154 0.00944087 0.0180908 0.0204061
1.70169 0.00812069 0.00919012 0.0180914 0.0202918
1.9635 0.0247694 0.00885822 0.0180815 0.0201347
2.2253 0.0231807 0.00964706 0.0180828 0.0204952
2.48709 0.00958851 0.0141051 0.0180909 0.0229398
2.74889 0.037083 0.0101591 0.0180677 0.020728
3.01069 0.0313556 0.00776794 0.0180748 0.0196733
