-3.01069 0.00986525 0.00729632 0 0.00729632
-2.74889 0.00623433 0.00799843 0 0.00799843
-2.48709 -0.00664533 0.00851225 0 0.00851225
-2.22529 -0.0046845 0.00797726 0 0.00797726
-1.96349 0.00778701 0.00889457 0 0.00889457
-1.70169 0.0178453 0.00835245 0 0.00835245
-1.4399 -0.0111697 0.00877992 0 0.00877992
-1.17809 0.012504 0.00801726 0 0.00801726
-0.916292 0.0107723 0.00791135 0 0.00791135
-0.654503 0.0166934 0.00846164 0 0.00846164
-0.392699 -0.00945485 0.0141929 0 0.0141929
0.392699 0.00868911 0.0083467 0 0.0083467
0.654503 0.0232098 0.00866819 0 0.00866819
0.916292 0.0122123 0.0083152 0 0.0083152
1.17809 0.0190649 0.00855523 0 0.00855523
1.4399 0.0118936 0.0107749 0 0.0107749
1.70169 0.00482438 0.00918326 0 0.00918326
1.9635 0.016483 0.00798609 0 0.00798609
2.2253 -0.00459746 0.00875651 0 0.00875651
2.48709 0.0163243 0.0108165 0 0.0108165
2.74889 0.011901 0.00897736 0 0.00897736
3.01069 0.0226896 0.00691602 0 0.00691602
