-3.01069 0.0146517 0.0079516 0.0180887 0.0197592
-2.74889 0.0263333 0.00857868 0.01808 0.020012
-2.48709 0.0143823 0.00931681 0.0180888 0.0203472
-2.22529 -0.00104485 0.00849434 0.0180925 0.0199873
-1.96349 0.00557448 0.00961387 0.018092 0.0204877
-1.70169 0.0181845 0.00899569 0.0180866 0.0202002
-1.4399 0.00179343 0.00947129 0.0180925 0.0204216
-1.17809 0.0138398 0.00876955 0.0180891 0.0201027
-0.916292 0.0189536 0.00856836 0.0180861 0.020013
-0.654503 0.0173542 0.0091751 0.0180871 0.0202812
-0.392699 0.0194237 0.0160185 0.0180857 0.0241596
0.392699 0.0372323 0.00880208 0.0180675 0.0200975
0.654503 0.0202965 0.00926854 0.0180851 0.0203218
0.916292 0.0226519 0.00886204 0.0180833 0.020138
1.17809 0.00288011 0.00916289 0.0180924 0.0202804
1.4399 0.00371824 0.0110411 0.0180923 0.0211952
1.70169 0.00533442 0.00983435 0.018092 0.0205921
1.9635 0.0112547 0.0085978 0.0180903 0.0200295
2.2253 0.00920978 0.00937943 0.018091 0.0203779
2.48709 0.0129528 0.00951091 0.0180895 0.0204374
2.74889 0.0267008 0.00917714 0.0180797 0.0202754
3.01069 0.0392879 0.00713185 0.0180646 0.0194215
