-3.01069 18858 137.324 15099 122.878
-2.74889 16283 127.605 11667 108.014
-2.48709 13550 116.404 9706 98.519
-2.22529 15160 123.126 12057 109.804
-1.96349 12555 112.049 8829 93.9628
-1.70169 17995 134.145 13519 116.271
-1.4399 14228 119.281 10608 102.995
-1.17809 15723 125.391 11216 105.906
-0.916292 15893 126.067 11931 109.229
-0.654503 15627 125.008 11201 105.835
-0.392699 7093 84.22 4416 66.453
-0.130894 2789 52.811 1877 43.3244
0.130894 1891 43.4856 1692 41.1339
0.392699 15845 125.877 12119 110.086
0.654503 13724 117.149 10317 101.573
0.916292 14794 121.631 11122 105.461
1.17809 14431 120.129 10844 104.135
1.4399 14306 119.608 10302 101.499
1.70169 13334 115.473 9535 97.6473
1.9635 15799 125.694 11656 107.963
2.2253 11178 105.726 9202 95.9271
2.48709 6987 83.5883 5741 75.7694
2.74889 11893 109.055 9236 96.1041
3.01069 22218 149.057 16957 130.219
