-3.01069 4008 63.3088 7166 84.6522
-2.74889 1860 43.1277 3367 58.0259
-2.48709 1681 41 2817 53.0754
-2.22529 1863 43.1625 3341 57.8014
-1.96349 1457 38.1707 2475 49.7494
-1.70169 1661 40.7554 2916 54
-1.4399 1610 40.1248 2793 52.8488
-1.17809 2104 45.8694 3619 60.1581
-0.916292 1943 44.0795 3349 57.8705
-0.654503 1739 41.7013 2943 54.2494
-0.392699 469 21.6564 644 25.3772
-0.130894 1279 35.7631 1969 44.3734
0.130894 322 17.9444 691 26.2869
0.392699 1688 41.0853 3092 55.6058
0.654503 1413 37.5899 2583 50.8232
0.916292 1835 42.8369 3096 55.6417
1.17809 1818 42.638 3263 57.1227
1.4399 834 28.8791 1675 40.9268
1.70169 1373 37.054 2613 51.1175
1.9635 2042 45.1885 3859 62.1208
2.2253 1954 44.2041 3798 61.6279
2.48709 1134 33.6749 2787 52.792
2.74889 2249 47.4236 4759 68.9855
3.01069 4018 63.3877 7690 87.6926
