-3.01069 0.00843226 0.00676497 0 0.00676497
-2.74889 0.00333293 0.00693443 0 0.00693443
-2.48709 0.0257569 0.00776019 0 0.00776019
-2.22529 0.0185204 0.00729141 0 0.00729141
-1.96349 0.00753147 0.00794719 0 0.00794719
-1.70169 0.00470387 0.00729791 0 0.00729791
-1.4399 0.00882526 0.00773813 0 0.00773813
-1.17809 0.00149646 0.00712988 0 0.00712988
-0.916292 0.0053949 0.00751977 0 0.00751977
-0.654503 0.0118149 0.00735175 0 0.00735175
-0.392699 0.000363456 0.0106363 0 0.0106363
0.392699 0.00426774 0.00673561 0 0.00673561
0.654503 0.00439389 0.00723313 0 0.00723313
0.916292 0.0255018 0.00769721 0 0.00769721
1.17809 0.0240592 0.00744352 0 0.00744352
1.4399 -0.00281733 0.0079298 0 0.0079298
1.70169 0.0106108 0.00765596 0 0.00765596
1.9635 0.00807823 0.00718005 0 0.00718005
2.2253 0.00207225 0.00816499 0 0.00816499
2.48709 -0.00461876 0.0120414 0 0.0120414
2.74889 0.00837393 0.0088728 0 0.0088728
3.01069 0.0147649 0.00671011 0 0.00671011
