-3.01069 3747 61.2127 2997 54.7449
-2.74889 4174 64.6065 2513 50.1298
-2.48709 3678 60.6465 2140 46.2601
-2.22529 3791 61.5711 2531 50.309
-1.96349 2965 54.4518 1688 41.0853
-1.70169 3434 58.6003 2081 45.618
-1.4399 2977 54.5619 1885 43.4166
-1.17809 4053 63.6632 2323 48.1975
-0.916292 3197 56.542 1977 44.4635
-0.654503 3536 59.4643 2385 48.8365
-0.392699 1745 41.7732 856 29.2575
-0.130894 553 23.516 406 20.1494
0.130894 189 13.7477 138 11.7473
0.392699 4567 67.5796 2938 54.2033
0.654503 4155 64.4593 2555 50.547
0.916292 3545 59.5399 2312 48.0833
1.17809 3824 61.8385 2412 49.1121
1.4399 3675 60.6218 2285 47.8017
1.70169 3378 58.1206 2048 45.2548
1.9635 3814 61.7576 2262 47.5605
2.2253 3116 55.8211 1882 43.382
2.48709 1432 37.8418 961 31
2.74889 1955 44.2154 1246 35.2987
3.01069 3318 57.6021 2262 47.5605
