-3.01069 -0.00082715 0.0129178 0 0.0129178
-2.74889 -0.0125966 0.0140225 0 0.0140225
-2.48709 -0.0116273 0.0152031 0 0.0152031
-2.22529 0.0138418 0.0141583 0 0.0141583
-1.96349 -0.0266788 0.016982 0 0.016982
-1.70169 -0.0126301 0.0154091 0 0.0154091
-1.4399 -0.0202444 0.0161257 0 0.0161257
-1.17809 0.0183131 0.0148101 0 0.0148101
-0.916292 -0.00702715 0.0158548 0 0.0158548
-0.654503 0.0100277 0.0145584 0 0.0145584
-0.392699 -0.0113985 0.0240407 0 0.0240407
0.392699 0.030065 0.0132412 0 0.0132412
0.654503 0.00928683 0.0140607 0 0.0140607
0.916292 0.0130413 0.014808 0 0.014808
1.17809 0.0319835 0.0146266 0 0.0146266
1.4399 -0.00252339 0.0147814 0 0.0147814
1.70169 -0.010186 0.0155523 0 0.0155523
1.9635 -0.0104093 0.0147967 0 0.0147967
2.2253 0.023782 0.0164962 0 0.0164962
2.48709 -0.0258538 0.0225167 0 0.0225167
2.74889 0.0178125 0.0202169 0 0.0202169
3.01069 -0.0160166 0.0147536 0 0.0147536
