-3.01069 0.0149758 0.0112573 0 0.0112573
-2.74889 -0.0103148 0.0163183 0 0.0163183
-2.48709 0.00438879 0.017293 0 0.017293
-2.22529 -0.0171015 0.0162476 0 0.0162476
-1.96349 -0.00270692 0.0185091 0 0.0185091
-1.70169 0.00354184 0.0173896 0 0.0173896
-1.4399 0.00651542 0.0176887 0 0.0176887
-1.17809 -0.00501766 0.0153847 0 0.0153847
-0.916292 0.0165501 0.0161801 0 0.0161801
-0.654503 0.0198458 0.0171295 0 0.0171295
-0.392699 0.0505781 0.0334415 0 0.0334415
0.392699 0.0358623 0.0175146 0 0.0175146
0.654503 0.00937434 0.018908 0 0.018908
0.916292 0.0270179 0.0167312 0 0.0167312
1.17809 0.0152164 0.0167164 0 0.0167164
1.4399 0.0292725 0.0248432 0 0.0248432
1.70169 0.00302794 0.0191217 0 0.0191217
1.9635 0.0154323 0.0157746 0 0.0157746
2.2253 -0.00961899 0.0159267 0 0.0159267
2.48709 -0.00187507 0.0209889 0 0.0209889
2.74889 0.030895 0.0151398 0 0.0151398
3.01069 0.00175119 0.011171 0 0.011171
