-3.01069 3882 62.3057 7080 84.1427
-2.74889 1895 43.5316 3326 57.6715
-2.48709 1663 40.7799 2730 52.2494
-2.22529 1924 43.8634 3347 57.8533
-1.96349 1462 38.2361 2341 48.3839
-1.70169 1646 40.5709 2919 54.0278
-1.4399 1586 39.8246 2799 52.9056
-1.17809 2121 46.0543 3559 59.6574
-0.916292 1876 43.3128 3194 56.5155
-0.654503 1668 40.8412 2888 53.7401
-0.392699 423 20.567 657 25.632
-0.130894 1131 33.6303 1816 42.6146
0.130894 277 16.6433 595 24.3926
0.392699 1568 39.598 2874 53.6097
0.654503 1384 37.2022 2479 49.7896
0.916292 1735 41.6533 3115 55.8122
1.17809 1760 41.9524 3056 55.2811
1.4399 785 28.0179 1578 39.724
1.70169 1362 36.9053 2579 50.7839
1.9635 1976 44.4522 3691 60.7536
2.2253 1988 44.587 3571 59.7578
2.48709 1136 33.7046 2662 51.5946
2.74889 2110 45.9347 4358 66.0151
3.01069 3996 63.2139 7555 86.9195
