-3.01069 10824 104.038 8696 93.2523
-2.74889 10355 101.76 6766 82.2557
-2.48709 8077 89.8721 5383 73.3689
-2.22529 9220 96.0208 6613 81.3204
-1.96349 7850 88.6002 4987 70.6187
-1.70169 9336 96.623 5920 76.9415
-1.4399 8269 90.934 5664 75.2596
-1.17809 9813 99.0606 6309 79.4292
-0.916292 8787 93.739 5871 76.6225
-0.654503 9133 95.5667 6335 79.5927
-0.392699 4414 66.4379 2191 46.8081
-0.130894 1440 37.9473 1165 34.1321
0.130894 662 25.7294 561 23.6854
0.392699 10965 104.714 7137 84.4808
0.654503 9507 97.5038 6398 79.9875
0.916292 8212 90.6201 5709 75.5579
1.17809 8795 93.7817 5681 75.3724
1.4399 7967 89.2581 5190 72.0417
1.70169 8432 91.8259 5586 74.7395
1.9635 9612 98.0408 6127 78.2752
2.2253 7478 86.4754 5259 72.519
2.48709 3461 58.8303 2374 48.7237
2.74889 6292 79.3221 4359 66.0227
3.01069 10930 104.547 7820 88.4308
