-3.01069 9495 97.4423 9124 95.5196
-2.74889 7873 88.7299 7733 87.9375
-2.48709 6862 82.8372 6312 79.4481
-2.22529 7829 88.4816 7615 87.264
-1.96349 6376 79.8499 6004 77.4855
-1.70169 7301 85.4459 6896 83.0422
-1.4399 6420 80.1249 6057 77.8267
-1.17809 7884 88.7919 7232 85.0412
-0.916292 8083 89.9055 7569 87
-0.654503 7106 84.2971 6594 81.2034
-0.392699 2461 49.6085 1964 44.317
-0.130894 2443 49.4267 1686 41.0609
0.130894 1208 34.7563 1251 35.3695
0.392699 7247 85.1293 7337 85.6563
0.654503 6813 82.5409 6414 80.0875
0.916292 7327 85.5979 7131 84.4452
1.17809 6967 83.4686 6623 81.3818
1.4399 4362 66.0454 4443 66.6558
1.70169 5964 77.2269 5647 75.1465
1.9635 7976 89.3085 7436 86.2322
2.2253 6498 80.6102 6179 78.6066
2.48709 4347 65.9318 5888 76.7333
2.74889 6284 79.2717 6533 80.827
3.01069 10698 103.431 11339 106.485
