-3.01069 0.0050428 0.00837874 0 0.00837874
-2.74889 0.00513182 0.0122236 0 0.0122236
-2.48709 0.0146904 0.0134258 0 0.0134258
-2.22529 -0.00189114 0.0122282 0 0.0122282
-1.96349 0.0268307 0.0144053 0 0.0144053
-1.70169 -0.00150815 0.0130915 0 0.0130915
-1.4399 -0.00206697 0.0133729 0 0.0133729
-1.17809 0.00736492 0.0118033 0 0.0118033
-0.916292 0.022696 0.0123601 0 0.0123601
-0.654503 0.00843841 0.0130957 0 0.0130957
-0.392699 -0.0109862 0.0277226 0 0.0277226
0.392699 0.0355477 0.0129393 0 0.0129393
0.654503 0.0195516 0.0140532 0 0.0140532
0.916292 -0.00405309 0.012689 0 0.012689
1.17809 0.0317654 0.0125743 0 0.0125743
1.4399 0.0288255 0.0175266 0 0.0175266
1.70169 0.00555456 0.0138784 0 0.0138784
1.9635 0.0212581 0.0115067 0 0.0115067
2.2253 0.0298116 0.0116448 0 0.0116448
2.48709 0.0219465 0.0135443 0 0.0135443
2.74889 0.0429916 0.0104643 0 0.0104643
3.01069 0.00786142 0.00809947 0 0.00809947
