-3.01069 10475 102.347 8136 90.1998
-2.74889 8543 92.4284 6865 82.8553
-2.48709 7561 86.954 5865 76.5833
-2.22529 8766 93.6269 7210 84.9117
-1.96349 6833 82.662 5549 74.4916
-1.70169 7812 88.3855 6279 79.2401
-1.4399 7229 85.0235 5744 75.7892
-1.17809 8439 91.864 6648 81.5353
-0.916292 8727 93.4184 6937 83.2887
-0.654503 7535 86.8044 6034 77.6788
-0.392699 2665 51.6236 1937 44.0114
-0.130894 2446 49.4571 1532 39.1408
0.130894 1297 36.0139 1209 34.7707
0.392699 7796 88.295 6432 80.1998
0.654503 7034 83.8689 5891 76.7529
0.916292 7883 88.7863 6445 80.2808
1.17809 7410 86.0814 6142 78.3709
1.4399 4661 68.2715 4188 64.7148
1.70169 6462 80.3866 5298 72.7874
1.9635 8439 91.864 6944 83.3307
2.2253 7189 84.788 5816 76.2627
2.48709 4625 68.0074 5630 75.0333
2.74889 6795 82.4318 5971 77.2722
3.01069 11405 106.794 9941 99.7046
