-3.01069 11030 105.024 8309 91.1537
-2.74889 10445 102.201 6824 82.6075
-2.48709 8521 92.3093 5542 74.4446
-2.22529 9587 97.9132 6533 80.827
-1.96349 7985 89.3588 5053 71.0845
-1.70169 9443 97.1751 6024 77.6144
-1.4399 8433 91.8314 5622 74.98
-1.17809 9862 99.3076 6337 79.6053
-0.916292 8900 94.3398 6108 78.1537
-0.654503 9370 96.7988 6433 80.206
-0.392699 4426 66.5282 2220 47.1169
-0.130894 1426 37.7624 1171 34.2199
0.130894 662 25.7294 552 23.4947
0.392699 11081 105.266 7413 86.0988
0.654503 9610 98.0306 6510 80.6846
0.916292 8659 93.0537 5973 77.2852
1.17809 9247 96.1613 6066 77.8845
1.4399 7938 89.0955 5287 72.7118
1.70169 8630 92.8978 5585 74.7329
1.9635 9788 98.9343 6212 78.8162
2.2253 7524 86.741 5482 74.0405
2.48709 3436 58.6174 2439 49.3862
2.74889 6411 80.0687 4502 67.0969
3.01069 11280 106.207 8212 90.6201
