-3.01069 7.46506e-05 0.0115582 0 0.0115582
-2.74889 -0.00966273 0.0108971 0 0.0108971
-2.48709 -4.15005e-05 0.0116654 0 0.0116654
-2.22529 -0.00754532 0.0114467 0 0.0114467
-1.96349 0.0180818 0.0131076 0 0.0131076
-1.70169 -0.00143063 0.0120643 0 0.0120643
-1.4399 -0.00866061 0.0129097 0 0.0129097
-1.17809 0.0221038 0.0112325 0 0.0112325
-0.916292 0.0273117 0.0126776 0 0.0126776
-0.654503 -0.000144874 0.0118967 0 0.0118967
-0.392699 0.00534974 0.016981 0 0.016981
0.392699 -0.00892269 0.0104217 0 0.0104217
0.654503 0.00481575 0.011002 0 0.011002
0.916292 0.00825873 0.0119311 0 0.0119311
1.17809 0.0207833 0.0115567 0 0.0115567
1.4399 -0.00815321 0.0116223 0 0.0116223
1.70169 0.00962688 0.0122306 0 0.0122306
1.9635 -0.00866924 0.0114056 0 0.0114056
2.2253 0.0151484 0.0127683 0 0.0127683
2.48709 -0.00377952 0.0186599 0 0.0186599
2.74889 0.0196276 0.0161539 0 0.0161539
3.01069 0.00187739 0.0122937 0 0.0122937
