-3.01069 19043 137.996 16351 127.871
-2.74889 16158 127.114 12593 112.219
-2.48709 12893 113.547 10439 102.171
-2.22529 14992 122.442 12450 111.58
-1.96349 12308 110.941 9406 96.9845
-1.70169 18039 134.309 14400 120
-1.4399 14240 119.331 11205 105.854
-1.17809 15839 125.853 12057 109.804
-0.916292 16278 127.585 12319 110.991
-0.654503 15476 124.403 11833 108.78
-0.392699 6878 82.9337 5039 70.9859
-0.130894 2592 50.9117 2393 48.9183
0.130894 1811 42.5558 1919 43.8064
0.392699 16113 126.937 12988 113.965
0.654503 14013 118.377 11046 105.1
0.916292 14798 121.647 11838 108.803
1.17809 14682 121.169 11280 106.207
1.4399 14302 119.591 11380 106.677
1.70169 13006 114.044 10297 101.474
1.9635 15991 126.456 12612 112.303
2.2253 11348 106.527 9609 98.0255
2.48709 6795 82.4318 6340 79.6241
2.74889 11736 108.333 10614 103.024
3.01069 21934 148.101 18967 137.721
