-3.01069 0.0116504 0.00511712 0 0.00511712
-2.74889 -0.00268574 0.00554686 0 0.00554686
-2.48709 -0.0135102 0.00611258 0 0.00611258
-2.22529 -0.00490102 0.00575487 0 0.00575487
-1.96349 -0.00250964 0.00631615 0 0.00631615
-1.70169 0.00199785 0.00526416 0 0.00526416
-1.4399 0.00695473 0.00590513 0 0.00590513
-1.17809 0.00748784 0.00561592 0 0.00561592
-0.916292 0.00925052 0.00558079 0 0.00558079
-0.654503 -0.00523536 0.00566918 0 0.00566918
-0.392699 0.0113982 0.00834388 0 0.00834388
0.392699 0.0128233 0.00557894 0 0.00557894
0.654503 0.0174235 0.00598004 0 0.00598004
0.916292 0.00331345 0.00580183 0 0.00580183
1.17809 0.00912372 0.00585697 0 0.00585697
1.4399 0.0117386 0.00587457 0 0.00587457
1.70169 -0.0003195 0.00612226 0 0.00612226
1.9635 0.00993044 0.00559541 0 0.00559541
2.2253 0.00558263 0.00666671 0 0.00666671
2.48709 0.00257131 0.00844485 0 0.00844485
2.74889 0.0190294 0.00641838 0 0.00641838
3.01069 0.0178626 0.00469925 0 0.00469925
