-3.01069 0.0180741 0.0056994 0 0.0056994
-2.74889 0.021748 0.00647091 0 0.00647091
-2.48709 0.00448785 0.00715827 0 0.00715827
-2.22529 0.00177676 0.00643148 0 0.00643148
-1.96349 -0.00434646 0.00753851 0 0.00753851
-1.70169 0.0128297 0.00603969 0 0.00603969
-1.4399 0.002669 0.00685351 0 0.00685351
-1.17809 0.0185439 0.0066109 0 0.0066109
-0.916292 0.00904591 0.00644153 0 0.00644153
-0.654503 0.0115684 0.00663948 0 0.00663948
-0.392699 -0.00394653 0.0106567 0 0.0106567
0.392699 0.017194 0.0063644 0 0.0063644
0.654503 0.0107404 0.00692099 0 0.00692099
0.916292 0.012751 0.00665894 0 0.00665894
1.17809 0.00537428 0.00676931 0 0.00676931
1.4399 0.0180503 0.00689966 0 0.00689966
1.70169 0.00162106 0.0072326 0 0.0072326
1.9635 0.0138395 0.00650094 0 0.00650094
2.2253 0.0158866 0.00730864 0 0.00730864
2.48709 0.0114771 0.00927398 0 0.00927398
2.74889 0.0209274 0.00727582 0 0.00727582
3.01069 0.00800612 0.00540636 0 0.00540636
