-3.01069 3739 61.1474 2996 54.7357
-2.74889 4247 65.169 2572 50.7149
-2.48709 3671 60.5888 2186 46.7547
-2.22529 3841 61.9758 2457 49.5681
-1.96349 2854 53.4228 1777 42.1545
-1.70169 3437 58.6259 2130 46.1519
-1.4399 3023 54.9818 1959 44.2606
-1.17809 3870 62.2093 2235 47.2758
-0.916292 3021 54.9636 2001 44.7325
-0.654503 3530 59.4138 2333 48.3011
-0.392699 1723 41.509 874 29.5635
-0.130894 533 23.0868 362 19.0263
0.130894 198 14.0712 139 11.7898
0.392699 4640 68.1175 2761 52.5452
0.654503 4107 64.0859 2503 50.03
0.916292 3480 58.9915 2248 47.4131
1.17809 3661 60.5062 2258 47.5184
1.4399 3728 61.0574 2292 47.8748
1.70169 3307 57.5065 2086 45.6727
1.9635 3873 62.2334 2305 48.0104
2.2253 3017 54.9272 1791 42.3202
2.48709 1440 37.9473 1010 31.7805
2.74889 1876 43.3128 1200 34.641
3.01069 3299 57.4369 2331 48.2804
