18750      1425654616  1425664422   60.32  1.91   -1.03  0.47       69.77  3.05   -0.52  0.32
18751      1425669501  1425699678   63.64  1.59   -0.69  0.25       65.93  1.72   -0.80  0.25
18752      1425702306  1425727131   57.68  1.91   -0.06  0.35       67.16  2.10   -0.40  0.34
18753      1425730193  1425764511   63.81  1.48   -0.54  0.20       64.68  1.64   -0.53  0.22
18754      1425770725  1425800516   60.95  1.64   -0.47  0.23       67.60  1.81   -0.83  0.26
18758      1425820170  1425840226   59.87  1.73   -0.36  0.38       68.75  2.17   -0.65  0.44
18760      1425864128  1425894885   64.15  1.54   -1.29  0.22       65.90  1.70   -0.69  0.23
18761      1425897660  1425947464   64.75  1.40   -0.51  0.15       65.31  1.67   -0.74  0.16
18762      1425951485  1425954221   58.70  2.17   -1.03  0.47       63.10  2.39   -0.52  0.32
18763      1425958528  1425989093   63.84  1.47   -0.35  0.22       61.71  1.68   -0.46  0.26
18765      1426026208  1426049833   63.18  1.52   -0.90  0.28       66.77  2.04   -0.14  0.38
18766      1426052143  1426074232   63.84  1.62   -0.59  0.32       62.73  1.81   -0.40  0.37
18772      1426134424  1426164595   59.12  1.49   -0.90  0.21       63.40  2.62    0.06  0.39
18775      1426176180  1426176799   58.67  2.16   -1.03  0.47       65.60  2.30   -0.52  0.32
18776      1426179793  1426210655   59.59  1.78   -1.01  0.23       65.39  2.08   -0.84  0.27
18777      1426214772  1426246169   60.57  1.81   -0.90  0.22       63.49  1.98   -0.66  0.25
18778      1426253636  1426293737   61.76  1.66   -1.17  0.16       61.33  1.96   -0.15  0.22
18779      1426297322  1426327139   63.29  1.62   -1.01  0.20       58.98  2.12   -0.45  0.26
18780      1426329571  1426359279   64.21  1.83   -1.26  0.22       61.18  1.75   -0.48  0.23
18785      1426645226  1426675597   63.52  1.92   -0.20  0.26       65.86  2.60   -0.55  0.31
18786      1426681103  1426684351   65.25  2.24   -1.03  0.47       65.88  1.97   -0.52  0.32
18787      1426696909  1426731793   61.17  1.77   -1.00  0.20       61.08  1.97   -0.69  0.24
18788      1426737680  1426769515   61.98  1.73   -0.92  0.21       60.99  2.33   -0.60  0.27
18789      1426783151  1426814527   66.91  1.83   -1.34  0.22       57.85  2.03   -0.36  0.25
18790      1426822927  1426831072   63.77  2.32   -1.03  0.47       60.54  2.61   -0.52  0.32
18792      1426839782  1426886871   64.72  1.54   -0.94  0.14       63.91  1.63   -0.56  0.15
18793      1426892429  1426921896   60.42  2.45   -1.29  0.38       60.05  1.96   -0.15  0.27
18794      1426924795  1426933011   62.79  2.24   -1.03  0.47       62.79  2.36   -0.52  0.32
18795      1426939629  1426968912   56.95  1.73   -0.42  0.24       60.02  2.40   -0.39  0.28
18796      1426978025  1427008063   59.89  2.27   -0.29  0.29       60.22  2.58   -0.24  0.37
18797      1427013237  1427035057   62.73  2.15   -0.98  0.35       58.58  2.86   -0.61  0.47
18798      1427039710  1427043414   62.49  2.15   -1.03  0.47       62.74  2.26   -0.52  0.32
18800      1427060877  1427091241   60.41  1.65   -0.98  0.22       61.00  2.08    0.02  0.27
18801      1427094998  1427125054   57.20  1.64   -0.35  0.23       62.15  1.86   -0.25  0.24
18803      1427139956  1427171626   55.40  1.73   -0.75  0.21       62.02  1.70   -0.58  0.21
18804      1427176294  1427205587   61.67  1.65   -0.58  0.21       60.86  2.03   -0.45  0.27
18805      1427212903  1427242564   55.50  1.69   -1.16  0.22       60.54  1.89   -0.67  0.26
18806      1427246967  1427248118   60.65  2.09   -1.03  0.47       62.81  2.24   -0.52  0.32
18807      1427252335  1427284257   59.61  1.75   -0.83  0.21       61.68  2.43   -0.42  0.27
18815      1427349689  1427361760   58.76  2.77   -1.69  0.68       55.51  2.90   -0.12  0.82
18816      1427367241  1427396418   58.51  1.82   -0.71  0.23       58.37  2.04   -0.56  0.28
18817      1427399556  1427399989   56.44  1.98   -1.03  0.47       58.36  2.95   -0.52  0.32
18818      1427403856  1427416150   65.43  2.39   -2.05  0.60       55.00  2.70   -0.95  0.75
18819      1427419677  1427449110   57.06  1.54   -0.99  0.21       60.71  1.75   -0.84  0.25
18820      1427452286  1427486889   55.97  1.66   -0.73  0.20       57.61  1.97   -0.21  0.26
18827      1427510620  1427539768   60.70  1.70   -0.43  0.22       56.39  2.23   -0.40  0.33
18828      1427543044  1427572885   54.19  1.91   -0.56  0.23       51.89  2.49    0.07  0.35
18829      1427577689  1427607451   56.44  1.80   -0.83  0.22       55.22  2.12   -0.58  0.30
18833      1427618967  1427619226   63.81  2.43   -1.03  0.47       57.85  3.35   -0.52  0.32
18837      1427635562  1427667224   61.82  2.28   -0.89  0.25       58.45  2.34   -1.07  0.29
18838      1427669934  1427701316   62.45  1.97   -0.91  0.23       54.61  1.70   -0.38  0.25
18843      1427713741  1427743121   61.41  1.85   -0.47  0.23       65.95  2.06   -1.00  0.31
18846      1427756777  1427786656   63.89  1.84   -0.94  0.21       63.27  2.01   -0.70  0.28
18847      1427789734  1427819408   64.61  1.75   -0.61  0.22       60.31  1.78   -0.30  0.26
18848      1427823628  1427827350   60.19  2.00   -1.03  0.47       57.98  1.93   -0.52  0.32
18849      1427838276  1427862567   56.74  2.01   -0.76  0.28       53.65  1.93   -0.79  0.32
18850      1427865632  1427889196   59.02  2.59   -1.33  0.36       54.48  2.02   -0.09  0.36
18852      1427932414  1427936130   55.48  2.16   -1.03  0.47       47.98  2.22   -0.52  0.32
18853      1427941536  1427957223   58.93  2.30   -1.55  0.46       48.89  2.58    0.10  0.57
18854      1427962043  1427980163   56.24  2.44   -1.48  0.42       61.16  2.08   -1.43  0.45
18855      1427987954  1428017942   59.07  2.09   -1.19  0.28       54.35  2.68   -0.50  0.46
18856      1428021687  1428046096   62.20  3.62   -0.92  0.32       56.32  1.94   -0.40  0.32
18857      1428049068  1428067259   57.07  2.23   -0.26  0.45       59.62  2.14   -0.51  0.45
