-3.01069 22395 149.65 15649 125.096
-2.74889 18168 134.789 12801 113.142
-2.48709 15811 125.742 10878 104.298
-2.22529 17760 133.267 12963 113.855
-1.96349 13968 118.186 9934 99.6695
-1.70169 17620 132.74 12632 112.392
-1.4399 15611 124.944 10863 104.226
-1.17809 17800 133.417 12325 111.018
-0.916292 18395 135.628 12849 113.353
-0.654503 16514 128.507 11550 107.471
-0.392699 6049 77.7753 3910 62.53
-0.130894 4555 67.4907 2905 53.8981
0.130894 2516 50.1597 2268 47.6235
0.392699 16275 127.574 11916 109.16
0.654503 14782 121.581 10991 104.838
0.916292 16816 129.677 12056 109.8
1.17809 16043 126.661 11385 106.701
1.4399 11650 107.935 8648 92.9946
1.70169 14070 118.617 10055 100.275
1.9635 17638 132.808 12851 113.362
2.2253 14211 119.21 10526 102.596
2.48709 9302 96.4469 9146 95.6347
2.74889 14016 118.389 11246 106.047
3.01069 25104 158.442 19109 138.235
