-3.01069 3698 60.8112 2924 54.074
-2.74889 4134 64.2962 2576 50.7543
-2.48709 3525 59.3717 2301 47.9687
-2.22529 3774 61.4329 2481 49.8096
-1.96349 2727 52.2207 1877 43.3244
-1.70169 3329 57.6975 2218 47.0956
-1.4399 2911 53.9537 1967 44.3509
-1.17809 3809 61.7171 2241 47.3392
-0.916292 3064 55.3534 1945 44.1022
-0.654503 3456 58.7878 2334 48.3115
-0.392699 1573 39.6611 1001 31.6386
-0.130894 505 22.4722 386 19.6469
0.130894 181 13.4536 165 12.8452
0.392699 4577 67.6535 2770 52.6308
0.654503 4032 63.498 2511 50.1099
0.916292 3494 59.1101 2210 47.0106
1.17809 3544 59.5315 2325 48.2183
1.4399 3570 59.7495 2420 49.1935
1.70169 3117 55.8301 2177 46.6583
1.9635 3706 60.8769 2402 49.0102
2.2253 2891 53.768 1831 42.7902
2.48709 1383 37.1887 1056 32.4962
2.74889 1793 42.3438 1254 35.4119
3.01069 3118 55.8391 2448 49.4773
