-3.01069 22426 149.753 16427 128.168
-2.74889 19657 140.203 12715 112.761
-2.48709 15381 124.02 10617 103.039
-2.22529 18362 135.506 12931 113.715
-1.96349 15015 122.536 10132 100.658
-1.70169 19992 141.393 13149 114.669
-1.4399 16520 128.53 11083 105.276
-1.17809 19047 138.011 12082 109.918
-0.916292 17963 134.026 11602 107.713
-0.654503 18213 134.956 11914 109.151
-0.392699 8194 90.5207 5184 72
-0.130894 2671 51.6817 2532 50.319
0.130894 1492 38.6264 1525 39.0512
0.392699 20805 144.239 13779 117.384
0.654503 17552 132.484 11782 108.545
0.916292 16432 128.187 11440 106.958
1.17809 17230 131.263 11241 106.024
1.4399 16379 127.98 11256 106.094
1.70169 15685 125.24 11017 104.962
1.9635 18758 136.96 12290 110.86
2.2253 14185 119.101 9941 99.7046
2.48709 7136 84.4748 5286 72.7049
2.74889 12615 112.317 9643 98.1988
3.01069 22966 151.545 17311 131.571
