-3.01069 3684 60.696 2911 53.9537
-2.74889 4046 63.6082 2558 50.5767
-2.48709 3486 59.0424 2286 47.8121
-2.22529 3723 61.0164 2523 50.2295
-1.96349 2880 53.6656 1771 42.0833
-1.70169 3311 57.5413 2205 46.9574
-1.4399 2877 53.6377 1927 43.8976
-1.17809 3926 62.6578 2355 48.5283
-0.916292 3159 56.205 1950 44.1588
-0.654503 3492 59.0931 2306 48.0208
-0.392699 1572 39.6485 1020 31.9374
-0.130894 543 23.3024 399 19.975
0.130894 155 12.4499 167 12.9228
0.392699 4511 67.164 2920 54.037
0.654503 4069 63.7887 2580 50.7937
0.916292 3419 58.4722 2413 49.1223
1.17809 3647 60.3904 2498 49.98
1.4399 3533 59.439 2407 49.0612
1.70169 3172 56.3205 2225 47.1699
1.9635 3664 60.531 2355 48.5283
2.2253 3008 54.8452 1967 44.3509
2.48709 1362 36.9053 1018 31.9061
2.74889 1812 42.5676 1311 36.2077
3.01069 3109 55.7584 2346 48.4355
