-3.01069 22816 151.05 16235 127.417
-2.74889 18408 135.676 13186 114.83
-2.48709 15690 125.26 11158 105.631
-2.22529 17454 132.114 13022 114.114
-1.96349 14160 118.996 10047 100.235
-1.70169 17773 133.315 12867 113.433
-1.4399 15416 124.161 10982 104.795
-1.17809 18197 134.896 12520 111.893
-0.916292 18558 136.228 13206 114.917
-0.654503 17018 130.453 11798 108.619
-0.392699 6050 77.7817 4045 63.6003
-0.130894 4816 69.3974 3061 55.3263
0.130894 2580 50.7937 2310 48.0625
0.392699 16850 129.808 12583 112.174
0.654503 15408 124.129 11203 105.844
0.916292 17201 131.153 12252 110.689
1.17809 16532 128.577 11540 107.424
1.4399 12096 109.982 9057 95.1683
1.70169 14040 118.491 10161 100.802
1.9635 18229 135.015 13152 114.682
2.2253 14358 119.825 10664 103.267
2.48709 9295 96.4106 9354 96.7161
2.74889 14675 121.14 11718 108.25
3.01069 26222 161.932 20105 141.792
