-3.01069 2578 50.774 3028 55.0273
-2.74889 926 30.4302 1277 35.7351
-2.48709 826 28.7402 1058 32.5269
-2.22529 954 30.8869 1224 34.9857
-1.96349 712 26.6833 882 29.6985
-1.70169 820 28.6356 1128 33.5857
-1.4399 826 28.7402 1095 33.0908
-1.17809 1068 32.6803 1386 37.229
-0.916292 916 30.2655 1229 35.0571
-0.654503 823 28.688 1081 32.8786
-0.392699 200 14.1421 236 15.3623
-0.130894 703 26.5141 845 29.0689
0.130894 161 12.6886 261 16.1555
0.392699 779 27.9106 1107 33.2716
0.654503 677 26.0192 905 30.0832
0.916292 870 29.4958 1241 35.2278
1.17809 909 30.1496 1221 34.9428
1.4399 398 19.9499 616 24.8193
1.70169 703 26.5141 1041 32.2645
1.9635 1108 33.2866 1498 38.704
2.2253 1137 33.7194 1516 38.9358
2.48709 654 25.5734 1112 33.3467
2.74889 1340 36.606 1919 43.8064
3.01069 2657 51.5461 3324 57.6541
