-3.01069 22677 150.589 16644 129.012
-2.74889 19864 140.94 12930 113.71
-2.48709 15521 124.583 10755 103.706
-2.22529 18564 136.25 12941 113.759
-1.96349 15182 123.215 10014 100.07
-1.70169 20467 143.063 13513 116.245
-1.4399 16706 129.252 11275 106.184
-1.17809 19152 138.391 12416 111.427
-0.916292 18582 136.316 11849 108.853
-0.654503 18377 135.562 12072 109.873
-0.392699 8357 91.4166 5271 72.6017
-0.130894 2849 53.376 2518 50.1797
0.130894 1576 39.6989 1567 39.5854
0.392699 21178 145.527 14381 119.921
0.654503 17965 134.034 12117 110.077
0.916292 17143 130.931 11905 109.11
1.17809 17850 133.604 11573 107.578
1.4399 16392 128.031 11567 107.55
1.70169 15952 126.301 11051 105.124
1.9635 19123 138.286 12606 112.276
2.2253 14338 119.741 10208 101.035
2.48709 7226 85.0059 5394 73.4439
2.74889 12697 112.681 10312 101.548
3.01069 23390 152.938 18067 134.414
