-3.01069 2594 50.9313 3059 55.3082
-2.74889 942 30.692 1341 36.6197
-2.48709 857 29.2746 1077 32.8177
-2.22529 930 30.4959 1263 35.5387
-1.96349 713 26.7021 954 30.8869
-1.70169 786 28.0357 1134 33.6749
-1.4399 791 28.1247 1100 33.1662
-1.17809 1092 33.0454 1413 37.5899
-0.916292 1027 32.0468 1245 35.2846
-0.654503 892 29.8664 1105 33.2415
-0.392699 223 14.9332 226 15.0333
-0.130894 828 28.775 882 29.6985
0.130894 170 13.0384 284 16.8523
0.392699 822 28.6705 1179 34.3366
0.654503 709 26.6271 971 31.1609
0.916292 895 29.9166 1217 34.8855
1.17809 995 31.5436 1297 36.0139
1.4399 429 20.7123 638 25.2587
1.70169 729 27 1033 32.1403
1.9635 1114 33.3766 1595 39.9375
2.2253 1156 34 1619 40.2368
2.48709 697 26.4008 1153 33.9559
2.74889 1477 38.4318 2160 46.4758
3.01069 2652 51.4976 3312 57.55
