3.01069 1837 42.8602 4461 66.7907
2.74889 931 30.5123 2715 52.1057
2.48709 474 21.7715 1421 37.6962
2.2253 786 28.0357 1939 44.0341
1.9635 744 27.2764 1929 43.9204
1.70169 473 21.7486 1280 35.7771
1.4399 290 17.0294 754 27.4591
1.17809 647 25.4362 1544 39.2938
0.916292 662 25.7294 1490 38.6005
0.654503 493 22.2036 1159 34.0441
0.392699 567 23.8118 1441 37.9605
0.130894 114 10.6771 324 18
-0.130894 548 23.4094 1166 34.1467
-0.392699 143 11.9583 283 16.8226
-0.654503 625 25 1403 37.4566
-0.916292 708 26.6083 1482 38.4968
-1.17809 739 27.1846 1783 42.2256
-1.4399 554 23.5372 1390 37.2827
-1.70169 582 24.1247 1414 37.6032
-1.96349 485 22.0227 1144 33.8231
-2.22529 654 25.5734 1563 39.5348
-2.48709 627 25.04 1323 36.3731
-2.74889 626 25.02 1617 40.2119
-3.01069 1753 41.8688 4021 63.4114
