3.01069 23451 153.137 17037 130.526
2.74889 12965 113.864 9357 96.7316
2.48709 7185 84.7644 5366 73.253
2.2253 13907 117.928 10585 102.883
1.9635 18921 137.554 12446 111.562
1.70169 16106 126.909 10791 103.88
1.4399 16586 128.787 11306 106.33
1.17809 17273 131.427 11712 108.222
0.916292 16730 129.345 11676 108.056
0.654503 17604 132.68 12137 110.168
0.392699 20637 143.656 14385 119.937
0.130894 1643 40.5339 1478 38.4448
-0.130894 3027 55.0182 2268 47.6235
-0.392699 8687 93.2041 4779 69.1303
-0.654503 18013 134.213 12400 111.355
-0.916292 17813 133.465 12312 110.959
-1.17809 19058 138.051 12588 112.196
-1.4399 16464 128.312 11392 106.733
-1.70169 20111 141.813 13722 117.141
-1.96349 15154 123.102 9785 98.9192
-2.22529 18289 135.237 13374 115.646
-2.48709 15582 124.828 10544 102.684
-2.74889 19525 139.732 13258 115.143
-3.01069 22069 148.556 17278 131.446
