3.01069 24461 156.4 17739 133.188
2.74889 13615 116.683 9715 98.5647
2.48709 7293 85.3991 5370 73.2803
2.2253 14087 118.689 10601 102.961
1.9635 19027 137.938 12760 112.96
1.70169 16174 127.177 10963 104.704
1.4399 16754 129.437 11269 106.156
1.17809 17530 132.401 11820 108.72
0.916292 16820 129.692 12209 110.494
0.654503 17642 132.823 12343 111.099
0.392699 20902 144.575 14591 120.793
0.130894 1692 41.1339 1360 36.8782
-0.130894 3017 54.9272 2256 47.4974
-0.392699 8764 93.6162 4836 69.5414
-0.654503 18105 134.555 12702 112.703
-0.916292 17872 133.686 12555 112.049
-1.17809 18830 137.222 12654 112.49
-1.4399 16563 128.697 11591 107.662
-1.70169 19986 141.372 13768 117.337
-1.96349 15296 123.677 10049 100.245
-2.22529 18185 134.852 13388 115.707
-2.48709 15688 125.252 10734 103.605
-2.74889 19656 140.2 13216 114.961
-3.01069 22303 149.342 17483 132.223
