3.01069 22042 148.465 21271 145.846
2.74889 12271 110.775 12226 110.571
2.48709 8056 89.7552 9856 99.2774
2.2253 12474 111.687 11865 108.927
1.9635 15726 125.403 14468 120.283
1.70169 12400 111.355 11069 105.209
1.4399 10538 102.655 9498 97.4577
1.17809 14074 118.634 13043 114.206
0.916292 14894 122.041 13729 117.171
0.654503 13301 115.33 12102 110.009
0.392699 14523 120.511 13595 116.598
0.130894 2275 47.697 2337 48.3425
-0.130894 4253 65.215 3088 55.5698
-0.392699 5602 74.8465 4026 63.4508
-0.654503 14674 121.136 13075 114.346
-0.916292 16254 127.491 14589 120.785
-1.17809 15854 125.913 14009 118.36
-1.4399 13651 116.837 12319 110.991
-1.70169 15579 124.816 14081 118.663
-1.96349 12429 111.485 10944 104.614
-2.22529 15225 123.39 14633 120.967
-2.48709 13880 117.813 12057 109.804
-2.74889 16111 126.929 14798 121.647
-3.01069 19165 138.438 18360 135.499
