3.01069 1698 41.2068 4075 63.8357
2.74889 888 29.7993 2409 49.0816
2.48709 421 20.5183 1344 36.6606
2.2253 784 28 1942 44.0681
1.9635 701 26.4764 1946 44.1135
1.70169 498 22.3159 1267 35.5949
1.4399 276 16.6132 786 28.0357
1.17809 674 25.9615 1591 39.8873
0.916292 587 24.2281 1493 38.6394
0.654503 490 22.1359 1193 34.5398
0.392699 548 23.4094 1369 37
0.130894 109 10.4403 324 18
-0.130894 484 22 1063 32.6037
-0.392699 162 12.7279 298 17.2627
-0.654503 585 24.1868 1344 36.6606
-0.916292 690 26.2679 1582 39.7744
-1.17809 751 27.4044 1697 41.1947
-1.4399 553 23.516 1343 36.647
-1.70169 550 23.4521 1340 36.606
-1.96349 535 23.1301 1136 33.7046
-2.22529 667 25.8263 1510 38.8587
-2.48709 559 23.6432 1334 36.524
-2.74889 670 25.8844 1591 39.8873
-3.01069 1682 41.0122 3913 62.554
