3.01069 22893 151.304 22536 150.12
2.74889 13051 114.241 12949 113.794
2.48709 8298 91.0934 10142 100.707
2.2253 12434 111.508 12043 109.741
1.9635 15909 126.131 14618 120.905
1.70169 12681 112.61 11184 105.754
1.4399 10671 103.301 9838 99.1867
1.17809 14231 119.294 13148 114.665
0.916292 14921 122.152 13743 117.231
0.654503 13647 116.82 12327 111.027
0.392699 14607 120.859 13929 118.021
0.130894 2371 48.6929 2414 49.1325
-0.130894 4410 66.4078 3258 57.0789
-0.392699 5700 75.4983 4165 64.5368
-0.654503 14987 122.421 13237 115.052
-0.916292 16256 127.499 15053 122.691
-1.17809 15932 126.222 14190 119.122
-1.4399 13759 117.299 12262 110.734
-1.70169 15703 125.312 14415 120.062
-1.96349 12562 112.08 11131 105.504
-2.22529 15486 124.443 14764 121.507
-2.48709 14165 119.017 12411 111.405
-2.74889 16099 126.882 14667 121.107
-3.01069 19725 140.446 18731 136.861
