3.01069 25919 160.994 13999 118.317
2.74889 14154 118.971 7897 88.8651
2.48709 7955 89.1908 4438 66.6183
2.2253 15704 125.316 8394 91.6188
1.9635 20883 144.51 10033 100.165
1.70169 17650 132.853 8898 94.3292
1.4399 18250 135.093 9290 96.3846
1.17809 19345 139.086 9233 96.0885
0.916292 18520 136.088 9459 97.2574
0.654503 19434 139.406 9920 99.5992
0.392699 23047 151.812 11466 107.079
0.130894 1762 41.9762 1333 36.5103
-0.130894 3229 56.8243 2056 45.3431
-0.392699 9242 96.1353 4014 63.3561
-0.654503 20100 141.774 9775 98.8686
-0.916292 19912 141.11 9698 98.4784
-1.17809 21101 145.262 10048 100.24
-1.4399 18337 135.414 9107 95.4306
-1.70169 22399 149.663 10842 104.125
-1.96349 16625 128.938 8097 89.9833
-2.22529 20411 142.867 10826 104.048
-2.48709 17123 130.855 8643 92.9677
-2.74889 21633 147.082 10533 102.63
-3.01069 24997 158.104 13772 117.354
