3.01069 2783 52.7541 3458 58.8048
2.74889 1468 38.3145 2147 46.3357
2.48709 720 26.8328 1149 33.8969
2.2253 1144 33.8231 1574 39.6737
1.9635 1110 33.3167 1532 39.1408
1.70169 722 26.8701 1044 32.311
1.4399 420 20.4939 615 24.7992
1.17809 933 30.545 1243 35.2562
0.916292 919 30.315 1209 34.7707
0.654503 685 26.1725 928 30.4631
0.392699 808 28.4253 1184 34.4093
0.130894 170 13.0384 262 16.1864
-0.130894 796 28.2135 905 30.0832
-0.392699 199 14.1067 223 14.9332
-0.654503 864 29.3939 1115 33.3916
-0.916292 975 31.225 1194 34.5543
-1.17809 1096 33.1059 1426 37.7624
-1.4399 808 28.4253 1132 33.6452
-1.70169 826 28.7402 1151 33.9264
-1.96349 682 26.1151 928 30.4631
-2.22529 940 30.6594 1274 35.6931
-2.48709 884 29.7321 1046 32.3419
-2.74889 907 30.1164 1328 36.4417
-3.01069 2606 51.049 3104 55.7136
