3.01069 2530 50.2991 3166 56.2672
2.74889 1350 36.7423 1925 43.8748
2.48709 631 25.1197 1113 33.3617
2.2253 1150 33.9116 1555 39.4335
1.9635 1113 33.3617 1553 39.4081
1.70169 710 26.6458 1028 32.0624
1.4399 407 20.1742 638 25.2587
1.17809 971 31.1609 1271 35.6511
0.916292 846 29.0861 1240 35.2136
0.654503 701 26.4764 941 30.6757
0.392699 793 28.1603 1098 33.1361
0.130894 161 12.6886 278 16.6733
-0.130894 735 27.1109 819 28.6182
-0.392699 224 14.9666 239 15.4596
-0.654503 851 29.1719 1062 32.5883
-0.916292 968 31.1127 1274 35.6931
-1.17809 1065 32.6343 1365 36.9459
-1.4399 810 28.4605 1060 32.5576
-1.70169 780 27.9285 1105 33.2415
-1.96349 743 27.258 905 30.0832
-2.22529 945 30.7409 1205 34.7131
-2.48709 799 28.2666 1088 32.9848
-2.74889 961 31 1286 35.8608
-3.01069 2567 50.6656 2970 54.4977
