3.01069 26880 163.951 14698 121.235
2.74889 14809 121.692 8296 91.0824
2.48709 8125 90.1388 4386 66.2269
2.2253 15822 125.786 8487 92.1249
1.9635 20971 144.814 10356 101.764
1.70169 17719 133.113 9035 95.0526
1.4399 18379 135.569 9228 96.0625
1.17809 19373 139.187 9466 97.2934
0.916292 18709 136.781 9809 99.0404
0.654503 19449 139.46 9998 99.99
0.392699 23169 152.214 11838 108.803
0.130894 1821 42.6732 1211 34.7994
-0.130894 3276 57.2364 2009 44.8219
-0.392699 9387 96.8865 4031 63.4902
-0.654503 20244 142.281 10016 100.08
-0.916292 19996 141.407 9882 99.4082
-1.17809 20836 144.347 10086 100.429
-1.4399 18491 135.982 9163 95.7236
-1.70169 22272 149.238 10885 104.331
-1.96349 16739 129.379 8221 90.6697
-2.22529 20269 142.369 10882 104.317
-2.48709 17164 131.011 8859 94.1223
-2.74889 21794 147.628 10533 102.63
-3.01069 25365 159.264 13739 117.213
