3.01069 26938 164.128 16264 127.53
2.74889 14903 122.078 9558 97.765
2.48709 9836 99.1766 8080 89.8888
2.2253 15065 122.74 9055 95.1578
1.9635 18930 137.586 11101 105.361
1.70169 14866 121.926 8526 92.3363
1.4399 12667 112.548 7402 86.0349
1.17809 17224 131.24 9882 99.4082
0.916292 17988 134.119 10553 102.728
0.654503 15830 125.817 9464 97.2831
0.392699 17534 132.416 10447 102.211
0.130894 2723 52.1824 1918 43.795
-0.130894 4947 70.3349 2320 48.1664
-0.392699 6479 80.4922 3109 55.7584
-0.654503 17673 132.94 9953 99.7647
-0.916292 19527 139.739 11052 105.128
-1.17809 18925 137.568 10573 102.825
-1.4399 16444 128.234 9356 96.7264
-1.70169 18640 136.528 10780 103.827
-1.96349 14878 121.975 8445 91.8967
-2.22529 18422 135.728 11261 106.118
-2.48709 16488 128.406 9285 96.3587
-2.74889 19409 139.316 11241 106.024
-3.01069 23684 153.896 13698 117.038
