3.01069 27998 167.326 17310 131.567
2.74889 15790 125.658 10131 100.653
2.48709 10065 100.324 8297 91.0879
2.2253 15195 123.268 9270 96.2808
1.9635 19133 138.322 11292 106.264
1.70169 15141 123.049 8536 92.3905
1.4399 12741 112.876 7666 87.5557
1.17809 17294 131.507 9918 99.5892
0.916292 18046 134.335 10449 102.22
0.654503 16245 127.456 9593 97.9439
0.392699 17578 132.582 10724 103.557
0.130894 2807 52.9811 1980 44.4972
-0.130894 5111 71.4913 2544 50.4381
-0.392699 6634 81.4494 3248 56.9912
-0.654503 17878 133.709 10029 100.145
-0.916292 19523 139.725 11524 107.35
-1.17809 19209 138.597 10799 103.918
-1.4399 16545 128.627 9323 96.5557
-1.70169 18908 137.506 11104 105.376
-1.96349 15001 122.479 8532 92.3688
-2.22529 18750 136.931 11390 106.724
-2.48709 16936 130.138 9497 97.4526
-2.74889 19346 139.09 11127 105.485
-3.01069 24237 155.682 13957 118.14
