3.01069 0.0298421 0.00674171 0 0.00674171
2.74889 0.0421267 0.00882516 0 0.00882516
2.48709 0.018007 0.00922488 0 0.00922488
2.2253 0.000268984 0.00900806 0 0.00900806
1.9635 0.00857545 0.00823263 0 0.00823263
1.70169 0.00454954 0.00946636 0 0.00946636
1.4399 0.00863127 0.0106855 0 0.0106855
1.17809 0.000865105 0.00874356 0 0.00874356
0.916292 0.00983154 0.00845549 0 0.00845549
0.654503 0.01359 0.00895348 0 0.00895348
0.392699 0.0176266 0.00840003 0 0.00840003
-0.392699 0.0198513 0.0160384 0 0.0160384
-0.654503 0.005028 0.00878514 0 0.00878514
-0.916292 0.021064 0.00815127 0 0.00815127
-1.17809 0.0148058 0.00835751 0 0.00835751
-1.4399 -0.00990867 0.00905487 0 0.00905487
-1.70169 0.0136638 0.0085701 0 0.0085701
-1.96349 0.00565493 0.00921579 0 0.00921579
-2.22529 0.00106221 0.00808666 0 0.00808666
-2.48709 0.0128602 0.00895034 0 0.00895034
-2.74889 0.00410962 0.00814481 0 0.00814481
-3.01069 0.0222048 0.00743109 0 0.00743109
