3.01069 0.0170443 0.00540558 0 0.00540558
2.74889 0.0121252 0.0072766 0 0.0072766
2.48709 0.00897826 0.00927399 0 0.00927399
2.2253 0.00741343 0.00730917 0 0.00730917
1.9635 0.00855014 0.00650117 0 0.00650117
1.70169 0.00875044 0.00723223 0 0.00723223
1.4399 0.0220811 0.00689876 0 0.00689876
1.17809 0.00292726 0.00676927 0 0.00676927
0.916292 0.00877245 0.00665903 0 0.00665903
0.654503 0.0121 0.00692067 0 0.00692067
0.392699 0.0101947 0.00636481 0 0.00636481
-0.392699 0.00609319 0.0106566 0 0.0106566
-0.654503 0.012299 0.00663923 0 0.00663923
-0.916292 0.0121931 0.00644116 0 0.00644116
-1.17809 0.00381511 0.00661183 0 0.00661183
-1.4399 0.0143788 0.00685271 0 0.00685271
-1.70169 0.00705007 0.00603991 0 0.00603991
-1.96349 0.0133129 0.0075378 0 0.0075378
-2.22529 0.009057 0.00643114 0 0.00643114
-2.48709 0.00844494 0.00715797 0 0.00715797
-2.74889 0.00354345 0.00647222 0 0.00647222
-3.01069 0.00369502 0.00570015 0 0.00570015
