3.01069 21178 145.527 18270 135.167
2.74889 11333 106.457 10190 100.946
2.48709 6691 81.7985 6174 78.5748
2.2253 11176 105.717 9467 97.2985
1.9635 15741 125.463 12250 110.68
1.70169 12785 113.071 10183 100.911
1.4399 14049 118.528 10896 104.384
1.17809 14491 120.379 11176 105.717
0.916292 14657 121.066 11655 107.958
0.654503 13650 116.833 10782 103.836
0.392699 16032 126.618 12597 112.236
0.130894 1718 41.4488 1937 44.0114
-0.130894 2523 50.2295 2322 48.1871
-0.392699 6785 82.3711 4963 70.4486
-0.654503 15473 124.391 11638 107.88
-0.916292 16192 127.248 12198 110.445
-1.17809 15793 125.67 11816 108.701
-1.4399 14116 118.811 11070 105.214
-1.70169 17995 134.145 14108 118.777
-1.96349 12298 110.896 9296 96.4158
-2.22529 15017 122.544 12312 110.959
-2.48709 13006 114.044 10238 101.183
-2.74889 16105 126.905 12295 110.883
-3.01069 18759 136.963 15925 126.194
