3.01069 0.0362609 0.0111631 0 0.0111631
2.74889 0.0125647 0.0151452 0 0.0151452
2.48709 0.0383263 0.0209725 0 0.0209725
2.2253 0.00893401 0.0159268 0 0.0159268
1.9635 -0.00713825 0.015776 0 0.015776
1.70169 -0.0246369 0.0191165 0 0.0191165
1.4399 0.0204709 0.0248472 0 0.0248472
1.17809 -0.00538396 0.016718 0 0.016718
0.916292 0.0399772 0.0167226 0 0.0167226
0.654503 0.016697 0.0189056 0 0.0189056
0.392699 0.0209792 0.0175209 0 0.0175209
-0.392699 0.0192605 0.0334756 0 0.0334756
-0.654503 0.0297934 0.0171242 0 0.0171242
-0.916292 0.0115357 0.0161807 0 0.0161807
-1.17809 -0.00080643 0.0153849 0 0.0153849
-1.4399 0.0175937 0.0176859 0 0.0176859
-1.70169 0.0106977 0.0173884 0 0.0173884
-1.96349 -0.00587055 0.0185091 0 0.0185091
-2.22529 -0.0105592 0.0162496 0 0.0162496
-2.48709 0.0222561 0.0172884 0 0.0172884
-2.74889 -0.0181175 0.0163171 0 0.0163171
-3.01069 0.0266714 0.011254 0 0.011254
