3.01069 0.0235355 0.00469845 0 0.00469845
2.74889 0.025466 0.00641712 0 0.00641712
2.48709 0.0144439 0.00844381 0 0.00844381
2.2253 0.00372331 0.00666669 0 0.00666669
1.9635 0.0086796 0.00559535 0 0.00559535
1.70169 0.0181112 0.00612108 0 0.00612108
1.4399 0.0117097 0.00587442 0 0.00587442
1.17809 0.0121272 0.00585662 0 0.00585662
0.916292 0.002266 0.00580179 0 0.00580179
0.654503 0.00901239 0.00598054 0 0.00598054
0.392699 -0.000543433 0.00557932 0 0.00557932
-0.392699 0.00466542 0.00834418 0 0.00834418
-0.654503 0.00209491 0.00566926 0 0.00566926
-0.916292 -0.00319129 0.00558097 0 0.00558097
-1.17809 -0.00570768 0.005616 0 0.005616
-1.4399 0.00529806 0.00590511 0 0.00590511
-1.70169 0.00126835 0.00526415 0 0.00526415
-1.96349 0.00124398 0.00631619 0 0.00631619
-2.22529 0.00523075 0.00575484 0 0.00575484
-2.48709 0.0110751 0.00611273 0 0.00611273
-2.74889 0.0038152 0.00554682 0 0.00554682
-3.01069 0.00878459 0.00511715 0 0.00511715
