3.01069 23148 152.145 17380 131.833
2.74889 12429 111.485 9545 97.6985
2.48709 7104 84.2852 5858 76.5376
2.2253 11279 106.203 9417 97.0412
1.9635 16091 126.85 11917 109.165
1.70169 13567 116.477 9631 98.1377
1.4399 14641 121 10720 103.537
1.17809 14736 121.392 10931 104.551
0.916292 14872 121.951 11361 106.588
0.654503 14089 118.697 10552 102.723
0.392699 16037 126.637 12453 111.593
0.130894 2013 44.8665 1625 40.3113
-0.130894 2853 53.4135 1927 43.8976
-0.392699 7206 84.8882 4424 66.5132
-0.654503 15573 124.792 11468 107.089
-0.916292 15985 126.432 12183 110.377
-1.17809 15746 125.483 11468 107.089
-1.4399 14399 119.996 10786 103.856
-1.70169 18048 134.343 13787 117.418
-1.96349 12535 111.96 8905 94.3663
-2.22529 15160 123.126 12184 110.381
-2.48709 13513 116.245 9829 99.1413
-2.74889 16296 127.656 11965 109.385
-3.01069 19242 138.716 15429 124.214
