3.01069 10577 102.845 11306 106.33
2.74889 6441 80.2558 6670 81.6701
2.48709 4318 65.7115 5972 77.2787
2.2253 6492 80.5729 6156 78.4602
1.9635 7884 88.7919 7431 86.2032
1.70169 5939 77.0649 5598 74.8198
1.4399 4291 65.5057 4411 66.4154
1.17809 6833 82.662 6538 80.8579
0.916292 7282 85.3346 7053 83.9821
0.654503 6759 82.2131 6313 79.4544
0.392699 7192 84.8057 7200 84.8528
0.130894 1209 34.7707 1269 35.623
-0.130894 2425 49.2443 1674 40.9145
-0.392699 2517 50.1697 1979 44.486
-0.654503 7090 84.2021 6503 80.6412
-0.916292 8054 89.7441 7671 87.5842
-1.17809 7865 88.6848 7254 85.1704
-1.4399 6463 80.3928 6030 77.6531
-1.70169 7214 84.9353 6891 83.012
-1.96349 6392 79.95 5913 76.896
-2.22529 7945 89.1347 7645 87.4357
-2.48709 6963 83.4446 6313 79.4544
-2.74889 7834 88.5099 7559 86.9425
-3.01069 9503 97.4833 9240 96.1249
