3.01069 3028 55.0273 2565 50.6458
2.74889 1796 42.3792 1405 37.4833
2.48709 1323 36.3731 1080 32.8634
2.2253 2848 53.3667 2036 45.1221
1.9635 3677 60.6383 2523 50.2295
1.70169 3070 55.4076 2319 48.156
1.4399 3456 58.7878 2530 50.2991
1.17809 3481 59 2554 50.5371
0.916292 3360 57.9655 2384 48.8262
0.654503 3888 62.3538 2657 51.5461
0.392699 4374 66.1362 2995 54.7266
0.130894 182 13.4907 160 12.6491
-0.130894 491 22.1585 438 20.9284
-0.392699 1583 39.7869 1054 32.4654
-0.654503 3394 58.258 2519 50.1896
-0.916292 2955 54.3599 2053 45.31
-1.17809 3809 61.7171 2481 49.8096
-1.4399 2843 53.3198 2049 45.2659
-1.70169 3194 56.5155 2395 48.9387
-1.96349 2683 51.7977 1916 43.7721
-2.22529 3606 60.05 2595 50.9411
-2.48709 3410 58.3952 2462 49.6185
-2.74889 3924 62.6418 2662 51.5946
-3.01069 3530 59.4138 3098 55.6597
