3.01069 10874 104.278 7738 87.9659
2.74889 6169 78.543 4317 65.7039
2.48709 3427 58.5406 2414 49.1325
2.2253 7442 86.267 5352 73.1574
1.9635 9679 98.3819 6117 78.2113
1.70169 8569 92.5689 5554 74.5252
1.4399 7946 89.1403 5328 72.9932
1.17809 8975 94.7365 5833 76.3741
0.916292 8473 92.0489 5734 75.7232
0.654503 9599 97.9745 6412 80.075
0.392699 10857 104.197 7252 85.1587
0.130894 663 25.7488 564 23.7487
-0.130894 1411 37.5633 1178 34.322
-0.392699 4409 66.4003 2169 46.5725
-0.654503 9199 95.9114 6343 79.643
-0.916292 8816 93.8936 5919 76.935
-1.17809 9888 99.4384 6332 79.5739
-1.4399 8307 91.1427 5638 75.0866
-1.70169 9436 97.1391 5934 77.0325
-1.96349 7865 88.6848 4940 70.2851
-2.22529 9457 97.2471 6628 81.4125
-2.48709 8298 91.0934 5367 73.2598
-2.74889 10383 101.897 6886 82.9819
-3.01069 10847 104.149 8424 91.7824
