3.01069 5313 72.8903 6753 82.1766
2.74889 2837 53.2635 4158 64.4826
2.48709 1508 38.833 2440 49.3964
2.2253 2490 49.8999 3259 57.0877
1.9635 2515 50.1498 3309 57.5239
1.70169 1697 41.1947 2307 48.0312
1.4399 1018 31.9061 1401 37.4299
1.17809 2190 46.7974 2787 52.792
0.916292 2256 47.4974 2703 51.9904
0.654503 1739 41.7013 2184 46.7333
0.392699 2026 45.0111 2661 51.5849
0.130894 378 19.4422 583 24.1454
-0.130894 1540 39.2428 1671 40.8779
-0.392699 542 23.2809 567 23.8118
-0.654503 2145 46.3141 2541 50.4083
-0.916292 2358 48.5592 2826 53.1601
-1.17809 2620 51.1859 3158 56.1961
-1.4399 1969 44.3734 2447 49.4672
-1.70169 2030 45.0555 2556 50.5569
-1.96349 1769 42.0595 2148 46.3465
-2.22529 2284 47.7912 2984 54.626
-2.48709 2087 45.6837 2405 49.0408
-2.74889 2238 47.3075 2896 53.8145
-3.01069 5172 71.9166 6032 77.666
