3.01069 0.0423185 0.00809194 0 0.00809194
2.74889 0.0501304 0.0104596 0 0.0104596
2.48709 0.0220609 0.0135436 0 0.0135436
2.2253 0.0120442 0.0116486 0 0.0116486
1.9635 0.0113898 0.0115082 0 0.0115082
1.70169 0.0128798 0.0138771 0 0.0138771
1.4399 -0.0143544 0.0175319 0 0.0175319
1.17809 0.01161 0.0125792 0 0.0125792
0.916292 0.00760287 0.0126886 0 0.0126886
0.654503 -0.00736855 0.0140553 0 0.0140553
0.392699 0.0234484 0.0129431 0 0.0129431
-0.392699 -0.00251946 0.0277245 0 0.0277245
-0.654503 0.0244751 0.0130917 0 0.0130917
-0.916292 -0.0110561 0.0123625 0 0.0123625
-1.17809 0.0169266 0.0118016 0 0.0118016
-1.4399 0.0106226 0.013372 0 0.013372
-1.70169 0.0131487 0.0130902 0 0.0130902
-1.96349 0.0079682 0.0144095 0 0.0144095
-2.22529 0.020163 0.0122255 0 0.0122255
-2.48709 0.0137627 0.0134256 0 0.0134256
-2.74889 -0.00749152 0.0122235 0 0.0122235
-3.01069 0.00623737 0.00837857 0 0.00837857
