3.01069 0.0360027 0.00789288 0 0.00789288
2.74889 0.0269407 0.0106195 0 0.0106195
2.48709 -0.00179282 0.0144146 0 0.0144146
2.2253 0.00476847 0.00964921 0 0.00964921
1.9635 0.00983324 0.0090024 0 0.0090024
1.70169 0.0069633 0.00946154 0 0.00946154
1.4399 -0.0157616 0.00976917 0 0.00976917
1.17809 0.00821905 0.00922658 0 0.00922658
0.916292 0.0196421 0.0092506 0 0.0092506
0.654503 0.00783127 0.00880195 0 0.00880195
0.392699 0.00448524 0.00829069 0 0.00829069
-0.392699 0.0178729 0.0150543 0 0.0150543
-0.654503 0.00774599 0.00885007 0 0.00885007
-0.916292 0.0130941 0.00913627 0 0.00913627
-1.17809 -9.96252e-05 0.00889301 0 0.00889301
-1.4399 0.0022098 0.00941348 0 0.00941348
-1.70169 0.00768671 0.00915023 0 0.00915023
-1.96349 0.0172596 0.00997881 0 0.00997881
-2.22529 -0.00704389 0.00872213 0 0.00872213
-2.48709 0.0188062 0.00956585 0 0.00956585
-2.74889 -0.0120687 0.00857813 0 0.00857813
-3.01069 0.0105562 0.00766859 0 0.00766859
