3.01069 0.0221246 0.00670889 0 0.00670889
2.74889 0.030056 0.00886868 0 0.00886868
2.48709 0.00755828 0.0120411 0 0.0120411
2.2253 0.00918927 0.00816454 0 0.00816454
1.9635 0.00348869 0.00718014 0 0.00718014
1.70169 -0.00313061 0.0076563 0 0.0076563
1.4399 0.0021411 0.0079298 0 0.0079298
1.17809 0.00642292 0.00744528 0 0.00744528
0.916292 -0.00312177 0.00769951 0 0.00769951
0.654503 -0.00291333 0.00723316 0 0.00723316
0.392699 0.0163828 0.00673459 0 0.00673459
-0.392699 0.00381243 0.0106362 0 0.0106362
-0.654503 0.00699845 0.00735192 0 0.00735192
-0.916292 0.00443336 0.00751972 0 0.00751972
-1.17809 -0.00380969 0.00712986 0 0.00712986
-1.4399 0.00659253 0.00773812 0 0.00773812
-1.70169 -0.00362861 0.00729794 0 0.00729794
-1.96349 0.00795456 0.00794702 0 0.00794702
-2.22529 -0.00436565 0.00729249 0 0.00729249
-2.48709 0.00144425 0.00776254 0 0.00776254
-2.74889 0.00295836 0.00693436 0 0.00693436
-3.01069 0.00864498 0.00676482 0 0.00676482
