3.01069 3285 57.3149 2287 47.8226
2.74889 1871 43.2551 1182 34.3802
2.48709 1444 38 972 31.1769
2.2253 3069 55.3986 1819 42.6497
1.9635 3759 61.3107 2251 47.4447
1.70169 3300 57.4456 2066 45.4533
1.4399 3708 60.8933 2277 47.7179
1.17809 3760 61.3188 2341 48.3839
0.916292 3516 59.2959 2303 47.9896
0.654503 4173 64.5988 2532 50.319
0.392699 4628 68.0294 2906 53.9073
0.130894 175 13.2288 144 12
-0.130894 556 23.5797 364 19.0788
-0.392699 1696 41.1825 865 29.4109
-0.654503 3483 59.0169 2364 48.621
-0.916292 3156 56.1783 2014 44.8776
-1.17809 3905 62.49 2224 47.1593
-1.4399 2983 54.6168 1948 44.1362
-1.70169 3436 58.6174 2071 45.5082
-1.96349 2944 54.2586 1745 41.7732
-2.22529 3836 61.9355 2519 50.1896
-2.48709 3659 60.4897 2136 46.2169
-2.74889 4287 65.4752 2556 50.5569
-3.01069 3743 61.1801 3021 54.9636
