3.01069 0.0105076 0.012987 0.0139494 0.0190591
2.74889 0.0311484 0.0169746 0.0139374 0.0219634
2.48709 0.00180551 0.0194847 0.0139509 0.0239642
2.2253 0.000541426 0.0133211 0.013951 0.0192894
1.9635 0.0309269 0.0119146 0.0139376 0.0183361
1.70169 0.0105788 0.0128996 0.0139494 0.0189996
1.4399 0.00673896 0.0121468 0.0139503 0.0184975
1.17809 0.00182779 0.0120751 0.0139509 0.0184509
0.916292 0.0119433 0.0123468 0.013949 0.0186284
0.654503 -0.00674391 0.0113886 0.0139503 0.0180087
0.392699 -0.00255635 0.0107722 0.0139509 0.0176258
-0.392699 0.0316104 0.0180753 0.013937 0.0228245
-0.654503 0.0160697 0.0123096 0.0139474 0.0186026
-0.916292 -0.00982919 0.0130136 0.0139496 0.0190774
-1.17809 0.0167227 0.0116347 0.0139471 0.0181628
-1.4399 0.0113113 0.0134021 0.0139492 0.0193441
-1.70169 -0.00222195 0.0125723 0.0139509 0.01878
-1.96349 -0.0119026 0.013634 0.013949 0.0195054
-2.22529 0.000512593 0.01186 0.013951 0.0183109
-2.48709 0.00796181 0.0122343 0.0139501 0.0185549
-2.74889 -0.00564969 0.0113434 0.0139505 0.0179803
-3.01069 0.00284245 0.0119984 0.0139509 0.0184007
