3.01069 0.0183267 0.0141468 0.0139463 0.0198653
2.74889 0.0363957 0.0192189 0.0139325 0.0237377
2.48709 -0.00820265 0.0214453 0.01395 0.0255833
2.2253 0.0126109 0.0158162 0.0139488 0.0210884
1.9635 0.00727143 0.0141883 0.0139502 0.0198977
1.70169 0.00369158 0.0147663 0.0139508 0.0203143
1.4399 -0.00686794 0.0140707 0.0139503 0.019814
1.17809 0.00663672 0.0140987 0.0139504 0.0198339
0.916292 -0.0256272 0.0143502 0.0139418 0.0200075
0.654503 -0.013691 0.0136871 0.0139484 0.0195421
0.392699 -0.00851197 0.0129363 0.01395 0.019025
-0.392699 0.00227046 0.0218208 0.0139509 0.0258993
-0.654503 0.0169651 0.0142648 0.013947 0.01995
-0.916292 -0.00762586 0.0155959 0.0139502 0.0209246
-1.17809 0.021119 0.0144001 0.0139448 0.0200454
-1.4399 -0.00788618 0.0156089 0.0139501 0.0209343
-1.70169 0.0291652 0.0147071 0.0139391 0.0202632
-1.96349 -0.00459014 0.0161631 0.0139507 0.0213511
-2.22529 -0.0152131 0.0138367 0.0139477 0.0196467
-2.48709 0.0191576 0.0144418 0.0139459 0.0200761
-2.74889 -0.0194293 0.0136339 0.0139457 0.019503
-3.01069 0.0019194 0.0127886 0.0139509 0.0189255
