3.01069 11525 107.355 10017 100.085
2.74889 6599 81.2342 5867 76.5963
2.48709 4668 68.3228 5557 74.5453
2.2253 7178 84.7231 5782 76.0395
1.9635 8607 92.7739 6916 83.1625
1.70169 6506 80.6598 5300 72.8011
1.4399 4728 68.7605 4196 64.7765
1.17809 7575 87.0345 6117 78.2113
0.916292 7908 88.9269 6526 80.7837
0.654503 7150 84.5577 5937 77.0519
0.392699 7903 88.8988 6569 81.0494
0.130894 1302 36.0832 1214 34.8425
-0.130894 2484 49.8397 1554 39.4208
-0.392699 2591 50.9019 1922 43.8406
-0.654503 7582 87.0747 6147 78.4028
-0.916292 8764 93.6162 6892 83.0181
-1.17809 8436 91.8477 6584 81.1419
-1.4399 7192 84.8057 5786 76.0658
-1.70169 7850 88.6002 6305 79.404
-1.96349 6872 82.8975 5515 74.263
-2.22529 8628 92.887 7152 84.5695
-2.48709 7467 86.4118 5861 76.5572
-2.74889 8623 92.8601 6986 83.5823
-3.01069 10409 102.025 8049 89.7162
