3.01069 0.0134282 0.00691691 0 0.00691691
2.74889 0.0395229 0.0089704 0 0.0089704
2.48709 0.0118548 0.0108168 0 0.0108168
2.2253 -0.00319977 0.00875662 0 0.00875662
1.9635 0.00706422 0.00798677 0 0.00798677
1.70169 0.0029259 0.00918324 0 0.00918324
1.4399 -0.00227547 0.0107756 0 0.0107756
1.17809 0.00176299 0.00855658 0 0.00855658
0.916292 0.00830701 0.00831534 0 0.00831534
0.654503 0.0174088 0.00866881 0 0.00866881
0.392699 0.00334394 0.00834685 0 0.00834685
-0.392699 0.015425 0.0141917 0 0.0141917
-0.654503 0.016719 0.0084613 0 0.0084613
-0.916292 0.00945984 0.00791126 0 0.00791126
-1.17809 0.012379 0.00801703 0 0.00801703
-1.4399 -0.00222236 0.00878057 0 0.00878057
-1.70169 0.00802198 0.00835327 0 0.00835327
-1.96349 0.012636 0.00889391 0 0.00889391
-2.22529 0.0123951 0.00797664 0 0.00797664
-2.48709 0.0103078 0.00851192 0 0.00851192
-2.74889 0.00356259 0.00799844 0 0.00799844
-3.01069 0.0130344 0.00729585 0 0.00729585
