3.01069 11336 106.471 8294 91.0714
2.74889 6534 80.8332 4544 67.4092
2.48709 3470 58.9067 2399 48.9796
2.2253 7560 86.9483 5389 73.4098
1.9635 9721 98.5951 6222 78.8797
1.70169 8493 92.1575 5617 74.9466
1.4399 7959 89.2132 5149 71.7565
1.17809 9067 95.2208 5914 76.9025
0.916292 8398 91.6406 5948 77.1233
0.654503 9518 97.5602 6496 80.5978
0.392699 11189 105.778 7298 85.4283
0.130894 661 25.7099 549 23.4307
-0.130894 1455 38.1445 1158 34.0294
-0.392699 4431 66.5658 2242 47.3498
-0.654503 9304 96.4572 6425 80.1561
-0.916292 8871 94.186 6060 77.846
-1.17809 9787 98.9293 6314 79.4607
-1.4399 8395 91.6242 5648 75.1532
-1.70169 9343 96.6592 6010 77.5242
-1.96349 7970 89.2749 5100 71.4143
-2.22529 9350 96.6954 6518 80.7341
-2.48709 8300 91.1043 5558 74.552
-2.74889 10417 102.064 6704 81.878
-3.01069 11007 104.914 8581 92.6337
