3.01069 3867 62.1852 7310 85.4985
2.74889 2155 46.422 4336 65.8483
2.48709 1093 33.0606 2668 51.6527
2.2253 1956 44.2267 3645 60.3738
1.9635 2026 45.0111 3737 61.131
1.70169 1403 37.4566 2566 50.6557
1.4399 794 28.178 1652 40.6448
1.17809 1801 42.4382 3127 55.9196
0.916292 1716 41.4246 3086 55.5518
0.654503 1377 37.108 2553 50.5272
0.392699 1596 39.95 2917 54.0093
0.130894 304 17.4356 618 24.8596
-0.130894 1164 34.1174 1817 42.6263
-0.392699 438 20.9284 653 25.5539
-0.654503 1655 40.6817 2848 53.3667
-0.916292 1890 43.4741 3312 57.55
-1.17809 2117 46.0109 3533 59.439
-1.4399 1572 39.6485 2770 52.6308
-1.70169 1638 40.4722 2883 53.6936
-1.96349 1470 38.3406 2392 48.9081
-2.22529 1916 43.7721 3281 57.28
-2.48709 1637 40.4599 2739 52.3355
-2.74889 1914 43.7493 3376 58.1034
-3.01069 3845 62.0081 7088 84.1903
