3.01069 23596 153.61 16997 130.373
2.74889 13114 114.516 9980 99.8999
2.48709 8611 92.7955 8385 91.5696
2.2253 13425 115.866 9517 97.5551
1.9635 16893 129.973 11698 108.157
1.70169 13136 114.612 8911 94.3981
1.4399 11119 105.447 7701 87.7553
1.17809 15223 123.382 10505 102.494
0.916292 15953 126.305 11059 105.162
0.654503 14118 118.819 9886 99.4284
0.392699 15622 124.988 10981 104.79
0.130894 2358 48.5592 1959 44.2606
-0.130894 4434 66.5883 2452 49.5177
-0.392699 5705 75.5315 3190 56.4801
-0.654503 15721 125.383 10464 102.294
-0.916292 17500 132.288 11714 108.231
-1.17809 16920 130.077 11131 105.504
-1.4399 14620 120.913 9920 99.5992
-1.70169 16687 129.178 11334 106.461
-1.96349 13233 115.035 8823 93.9308
-2.22529 16474 128.351 11885 109.018
-2.48709 14736 121.392 9713 98.5546
-2.74889 17331 131.647 11835 108.789
-3.01069 20930 144.672 14615 120.893
