3.01069 3028 55.0273 923 30.3809
2.74889 1796 42.3792 544 23.3238
2.48709 1323 36.3731 502 22.4054
2.2253 2848 53.3667 912 30.1993
1.9635 3677 60.6383 1108 33.2866
1.70169 3070 55.4076 923 30.3809
1.4399 3456 58.7878 1057 32.5115
1.17809 3481 59 1151 33.9264
0.916292 3360 57.9655 1192 34.5254
0.654503 3888 62.3538 1291 35.9305
0.392699 4374 66.1362 1419 37.6696
0.130894 182 13.4907 59 7.68115
-0.130894 491 22.1585 164 12.8062
-0.392699 1583 39.7869 330 18.1659
-0.654503 3394 58.258 1092 33.0454
-0.916292 2955 54.3599 1044 32.311
-1.17809 3809 61.7171 1169 34.1906
-1.4399 2843 53.3198 827 28.7576
-1.70169 3194 56.5155 1014 31.8434
-1.96349 2683 51.7977 915 30.249
-2.22529 3606 60.05 1268 35.609
-2.48709 3410 58.3952 1077 32.8177
-2.74889 3924 62.6418 1189 34.4819
-3.01069 3530 59.4138 1286 35.8608
