3.01069 0.0486289 0.0118468 0.013918 0.0182772
2.74889 0.0589696 0.015135 0.0139025 0.0205511
2.48709 0.0210027 0.0203568 0.0139448 0.024675
2.2253 0.00575826 0.0172531 0.0139505 0.0221875
1.9635 -0.000190181 0.0173506 0.013951 0.0222637
1.70169 0.0144437 0.021221 0.0139481 0.0253945
1.4399 -0.0117616 0.0271707 0.013949 0.0305422
1.17809 -0.00992688 0.0192481 0.0139496 0.0237714
0.916292 -0.0101126 0.0196436 0.0139495 0.0240927
0.654503 -0.0127681 0.0223867 0.0139487 0.0263767
0.392699 0.0354205 0.0202153 0.0139335 0.024552
-0.392699 -0.0184427 0.0448791 0.0139462 0.0469961
-0.654503 0.0252413 0.0208116 0.0139421 0.02505
-0.916292 -0.0262016 0.0195093 0.0139414 0.0239786
-1.17809 0.0328464 0.0182578 0.0139359 0.0229686
-1.4399 0.0275596 0.0206951 0.0139404 0.0249524
-1.70169 0.0220694 0.0204911 0.0139442 0.0247856
-1.96349 0.0278583 0.0224827 0.0139401 0.0264538
-2.22529 0.0242505 0.0193904 0.0139428 0.0238828
-2.48709 -0.0123752 0.0208958 0.0139488 0.0251238
-2.74889 0.0126038 0.0189436 0.0139488 0.0235251
-3.01069 0.0225354 0.012325 0.0139439 0.0186101
