3.01069 0.0358866 0.00555518 0.013933 0.0149996
2.74889 0.029555 0.00715455 0.0139388 0.0156677
2.48709 0.0151852 0.00783356 0.0139478 0.015997
2.2253 0.0145521 0.00737498 0.013948 0.0157778
1.9635 0.00697186 0.00671108 0.0139503 0.0154806
1.70169 0.00593092 0.00764338 0.0139505 0.0159071
1.4399 0.0180888 0.00814874 0.0139464 0.0161525
1.17809 0.00497501 0.00706919 0.0139506 0.0156395
0.916292 0.00373679 0.00690285 0.0139508 0.0155651
0.654503 0.0116688 0.00725275 0.0139491 0.0157219
0.392699 0.0139659 0.00689144 0.0139483 0.0155578
-0.392699 0.0250119 0.0124785 0.0139422 0.0187109
-0.654503 0.00536115 0.00708103 0.0139506 0.0156448
-0.916292 0.0191139 0.0066666 0.0139459 0.0154574
-1.17809 0.0165937 0.00683829 0.0139471 0.0155333
-1.4399 -0.00218963 0.0072898 0.0139509 0.0157407
-1.70169 0.0149877 0.00678542 0.0139478 0.0155108
-1.96349 0.0138442 0.00764973 0.0139483 0.0159083
-2.22529 0.0109997 0.00664786 0.0139493 0.0154524
-2.48709 0.0157942 0.00729901 0.0139475 0.0157419
-2.74889 -0.00217282 0.0067035 0.0139509 0.0154779
-3.01069 0.00852596 0.00604002 0.01395 0.0152014
