3.01069 21731 147.414 10809 103.966
2.74889 11874 108.968 6026 77.6273
2.48709 6729 82.0305 3618 60.1498
2.2253 13542 116.37 6996 83.6421
1.9635 18104 134.551 8186 90.4765
1.70169 15163 123.138 6974 83.5105
1.4399 15604 124.916 7409 86.0755
1.17809 16800 129.615 7630 87.3499
0.916292 16033 126.621 7815 88.4025
0.654503 16988 130.338 8366 91.4658
0.392699 20072 141.676 9738 98.6813
0.130894 1435 37.8814 1073 32.7567
-0.130894 2603 51.0196 1489 38.5876
-0.392699 7951 89.1684 2991 54.69
-0.654503 17502 132.295 8121 90.1166
-0.916292 17480 132.212 8307 91.1427
-1.17809 18445 135.812 8399 91.6461
-1.4399 15854 125.913 7435 86.2264
-1.70169 19496 139.628 9134 95.572
-1.96349 14458 120.241 6703 81.8719
-2.22529 17760 133.267 9220 96.0208
-2.48709 14857 121.889 7039 83.8987
-2.74889 18884 137.419 8672 93.1236
-3.01069 21146 145.417 11061 105.171
