3.01069 0.047053 0.0145399 0.0139201 0.020129
2.74889 0.0425127 0.0199447 0.0139258 0.0243253
2.48709 0.0591444 0.0285462 0.0139022 0.0317515
2.2253 0.00465868 0.0220449 0.0139507 0.0260883
1.9635 0.0183002 0.0224942 0.0139463 0.0264667
1.70169 -0.00640967 0.0279188 0.0139504 0.0312101
1.4399 0.0181834 0.0363231 0.0139464 0.0389085
1.17809 -0.00853944 0.0241837 0.01395 0.0279187
0.916292 0.0605894 0.025005 0.0138998 0.0286086
0.654503 -0.00492252 0.0280276 0.0139506 0.0313076
0.392699 0.00369158 0.0262174 0.0139508 0.0296981
-0.392699 -0.0379809 0.0510256 0.0139308 0.0528931
-0.654503 0.0300214 0.0253769 0.0139384 0.0289528
-0.916292 0.00369158 0.0236873 0.0139508 0.0274902
-1.17809 0.021144 0.0227043 0.0139447 0.0266447
-1.4399 -0.0163788 0.0263512 0.0139472 0.0298146
-1.70169 0.0394498 0.0262474 0.0139293 0.0297145
-1.96349 -0.0428451 0.0276416 0.0139254 0.0309512
-2.22529 -0.00335904 0.0242899 0.0139508 0.0280112
-2.48709 0.0530326 0.0254893 0.0139117 0.0290386
-2.74889 -0.0326873 0.0244592 0.0139361 0.0281508
-3.01069 0.0138138 0.0147566 0.0139483 0.0203055
