3.01069 0.0231177 0.00481682 0.0139435 0.0147521
2.74889 0.0319929 0.00627989 0.0139367 0.0152862
2.48709 0.0165304 0.00772896 0.0139472 0.0159455
2.2253 0.00432431 0.00629756 0.0139507 0.0153063
1.9635 0.00643658 0.00565284 0.0139504 0.0150522
1.70169 0.0170231 0.00632294 0.0139469 0.0153133
1.4399 0.010347 0.00686303 0.0139495 0.0155464
1.17809 0.00999051 0.00592223 0.0139496 0.0151547
0.916292 0.00908433 0.00579729 0.0139498 0.0151065
0.654503 0.0156927 0.00611699 0.0139475 0.01523
0.392699 0.00433128 0.00586726 0.0139507 0.0151343
-0.392699 0.0165812 0.00942966 0.0139471 0.0168357
-0.654503 0.0134543 0.00582453 0.0139484 0.0151157
-0.916292 0.00306262 0.00557038 0.0139508 0.0150218
-1.17809 0.00889469 0.00564208 0.0139499 0.0150477
-1.4399 0.00475063 0.00604996 0.0139507 0.015206
-1.70169 0.00766079 0.00568168 0.0139502 0.0150628
-1.96349 0.007868 0.0063295 0.0139501 0.0153189
-2.22529 0.0107433 0.0057071 0.0139494 0.0150717
-2.48709 0.0152947 0.00599707 0.0139477 0.0151823
-2.74889 0.00291203 0.00559574 0.0139509 0.0150313
-3.01069 0.0161938 0.00510106 0.0139473 0.0148509
