3.01069 24531 156.624 18128 134.64
2.74889 13878 117.805 10510 102.518
2.48709 8835 93.9947 8580 92.6283
2.2253 13442 115.94 9726 98.6205
1.9635 16986 130.33 11775 108.513
1.70169 13491 116.151 8951 94.6097
1.4399 11268 106.151 7926 89.0281
1.17809 15416 124.161 10532 102.626
0.916292 16126 126.988 11060 105.167
0.654503 14461 120.254 10045 100.225
0.392699 15642 125.068 11209 105.873
0.130894 2437 49.366 2006 44.7884
-0.130894 4502 67.0969 2587 50.8626
-0.392699 5854 76.5114 3329 57.6975
-0.654503 16031 126.614 10499 102.465
-0.916292 17478 132.204 12081 109.914
-1.17809 17097 130.755 11422 106.874
-1.4399 14651 121.041 9804 99.0152
-1.70169 16820 129.692 11593 107.671
-1.96349 13344 115.516 9004 94.8894
-2.22529 16708 129.259 12060 109.818
-2.48709 15082 122.809 9951 99.7547
-2.74889 17304 131.545 11697 108.153
-3.01069 21460 146.492 14757 121.478
