3.01069 0.0107646 0.00695425 0.0139494 0.0155867
2.74889 0.0216971 0.00915792 0.0139444 0.0166827
2.48709 0.00617291 0.0118442 0.0139504 0.0183003
2.2253 0.00454846 0.00859334 0.0139507 0.016385
1.9635 0.0196188 0.0079066 0.0139456 0.016031
1.70169 0.00676491 0.00859702 0.0139503 0.0163866
1.4399 0.00409632 0.00836039 0.0139507 0.016264
1.17809 0.0127821 0.00820724 0.0139487 0.0161841
0.916292 0.0269364 0.00805432 0.0139409 0.0161003
0.654503 0.00410976 0.00788536 0.0139507 0.016025
0.392699 0.0121425 0.00730339 0.0139489 0.0157452
-0.392699 0.00768747 0.012997 0.0139501 0.0190665
-0.654503 0.00816585 0.00798288 0.01395 0.0160726
-0.916292 0.0154094 0.0078679 0.0139477 0.0160138
-1.17809 0.00660004 0.00786087 0.0139504 0.0160127
-1.4399 -0.000631004 0.0083655 0.013951 0.0162669
-1.70169 -0.00520018 0.007594 0.0139506 0.0158836
-1.96349 0.0148291 0.00872804 0.0139479 0.0164537
-2.22529 0.00091819 0.00753797 0.013951 0.0158572
-2.48709 0.0093419 0.00854759 0.0139498 0.0163602
-2.74889 -0.00152463 0.00777169 0.0139509 0.0159696
-3.01069 0.00441431 0.00689996 0.0139507 0.0155638
