3.01069 0.0172631 0.00501256 0.0139468 0.0148202
2.74889 0.0229755 0.00661107 0.0139436 0.0154315
2.48709 0.020637 0.00868579 0.013945 0.0164288
2.2253 0.00726015 0.00626314 0.0139502 0.0152917
1.9635 0.00773492 0.00547208 0.0139501 0.014985
1.70169 0.0034607 0.00595165 0.0139508 0.0151673
1.4399 0.00983766 0.005855 0.0139496 0.0151285
1.17809 0.00303639 0.00567637 0.0139508 0.0150614
0.916292 0.00689334 0.00578993 0.0139503 0.0151041
0.654503 0.00618704 0.0056389 0.0139504 0.015047
0.392699 0.00466212 0.00522736 0.0139507 0.0148979
-0.392699 0.0105612 0.00805494 0.0139494 0.016108
-0.654503 0.00394862 0.00556777 0.0139508 0.0150208
-0.916292 0.0045775 0.00556936 0.0139507 0.0150213
-1.17809 -0.00258235 0.00545148 0.0139509 0.0149782
-1.4399 0.00661594 0.00582092 0.0139504 0.0151161
-1.70169 -0.00242382 0.00531452 0.0139509 0.0149289
-1.96349 0.0092968 0.00606827 0.0139498 0.0152125
-2.22529 -0.00182863 0.00554523 0.0139509 0.0150126
-2.48709 0.00295065 0.00600989 0.0139509 0.0151903
-2.74889 0.00606883 0.00537148 0.0139505 0.0149489
-3.01069 0.0122943 0.00508684 0.0139489 0.0148475
