3.01069 -0.0288066 0.0229397 0.0139394 0.0268428
2.74889 0.0518519 0.0310302 0.0139135 0.0340067
2.48709 -0.00421368 0.031474 0.0139507 0.0344272
2.2253 0.0119831 0.0235608 0.013949 0.0273804
1.9635 0.0045949 0.0213094 0.0139507 0.0254699
1.70169 0.0157523 0.0234626 0.0139475 0.0272952
1.4399 0.0142073 0.021916 0.0139482 0.0259781
1.17809 0.0222741 0.0210863 0.0139441 0.0252798
0.916292 0.00748095 0.020578 0.0139502 0.0248608
0.654503 -0.0212348 0.019493 0.0139447 0.0239673
0.392699 -0.0193738 0.0186171 0.0139457 0.0232611
-0.392699 0.0144108 0.0391583 0.0139481 0.0415683
-0.654503 0.0190322 0.0216128 0.0139459 0.0257216
-0.916292 -0.00673522 0.0218262 0.0139503 0.0259036
-1.17809 0.0291274 0.0209898 0.0139391 0.0251967
-1.4399 -0.00410698 0.0245426 0.0139507 0.0282305
-1.70169 0.0192138 0.0224263 0.0139458 0.0264088
-1.96349 0.00423832 0.0234343 0.0139507 0.0272725
-2.22529 -0.0190461 0.0196905 0.0139459 0.0241289
-2.48709 0.0255112 0.0218273 0.0139419 0.0258999
-2.74889 -0.0108138 0.020417 0.0139493 0.0247272
-3.01069 0.0060298 0.0198022 0.0139505 0.0242227
